0 67 1
0 199 1
0 305 0
0 344 0
0 430 1
0 467 0
0 531 0
0 571 0
0 715 0
0 731 0
0 811 1
0 851 1
0 880 1
0 910 1
1 78 1
1 116 1
1 171 1
1 364 0
1 379 1
1 411 0
1 588 1
1 683 0
1 691 0
1 767 1
1 966 0
2 162 0
2 213 1
2 301 0
2 335 0
2 422 1
2 450 1
2 556 0
2 614 1
2 662 0
2 729 1
2 787 0
2 914 1
2 968 1
3 274 1
3 303 0
3 369 1
3 379 1
3 470 0
3 483 1
3 545 1
3 728 0
3 782 1
3 879 1
3 926 1
3 930 0
3 935 1
3 956 0
4 39 0
4 91 1
4 133 1
4 195 1
4 270 1
4 278 1
4 403 1
4 470 0
4 589 0
4 609 1
5 237 0
5 251 0
5 813 0
5 827 0
5 892 0
5 912 0
5 983 0
6 142 0
6 240 0
6 336 1
6 517 0
6 898 1
6 941 0
6 945 0
6 974 0
7 110 1
7 122 1
7 126 0
7 183 1
7 413 1
7 498 0
7 567 0
7 603 0
7 734 0
7 782 0
7 784 0
7 825 1
7 919 0
8 58 0
8 224 1
8 393 0
8 399 1
8 733 1
8 744 0
8 830 0
8 835 0
9 118 1
9 207 1
9 244 1
9 266 1
9 456 1
9 504 0
9 541 0
9 578 0
9 630 1
9 883 0
9 935 1
10 241 0
10 422 1
10 643 1
10 894 0
10 994 0
11 44 0
11 110 1
11 199 1
11 253 1
11 478 1
11 505 0
11 545 0
11 810 0
11 902 1
12 68 0
12 101 1
12 234 1
12 412 1
12 472 0
12 509 1
12 670 0
12 689 0
12 804 0
12 927 1
12 939 0
12 951 0
12 965 0
13 121 1
13 127 1
13 310 1
13 390 1
13 400 1
13 696 1
13 713 1
13 773 1
13 945 1
13 981 1
14 193 1
14 320 0
14 412 1
14 479 0
14 496 0
14 694 0
14 747 0
14 796 0
15 2 1
15 106 0
15 156 0
15 317 1
15 406 0
15 495 1
15 590 0
15 654 1
15 665 0
15 861 1
16 36 0
16 100 1
16 271 1
16 319 1
16 331 0
16 339 0
16 374 1
16 431 0
16 461 0
16 541 0
16 548 0
16 551 1
16 553 0
16 585 1
16 605 0
16 631 0
16 764 1
16 912 0
17 52 1
17 104 1
17 217 0
17 440 0
17 459 0
17 553 0
17 638 1
17 883 1
17 908 0
18 20 1
18 21 0
18 24 1
18 193 1
18 199 1
18 247 0
18 551 1
18 603 1
18 660 0
18 686 1
18 718 0
18 829 1
19 73 1
19 112 0
19 137 1
19 227 1
19 507 0
19 567 0
19 738 1
19 749 0
19 862 0
20 303 0
20 332 1
20 431 1
20 458 0
20 663 1
20 919 1
20 964 1
20 979 1
21 162 1
21 227 1
21 306 0
21 436 1
21 464 0
21 670 0
21 843 0
22 162 0
22 222 0
22 277 0
22 292 0
22 318 1
22 457 1
22 484 0
22 689 1
22 790 1
23 1 0
23 60 0
23 145 0
23 375 0
23 383 0
23 432 1
23 530 0
23 794 1
24 114 0
24 163 1
24 363 1
24 412 0
24 451 0
24 520 1
24 583 0
24 601 0
24 644 0
24 819 1
25 92 0
25 139 0
25 316 0
25 324 0
25 657 1
25 845 1
25 971 1
26 41 0
26 51 0
26 280 0
26 316 1
26 488 0
26 548 0
26 717 1
27 135 1
27 166 1
27 182 1
27 190 0
27 228 0
27 240 1
27 288 1
27 294 0
27 817 0
28 91 0
28 169 1
28 293 1
28 378 1
28 496 0
28 536 1
28 541 1
28 589 1
28 638 1
28 734 0
28 802 1
28 974 0
29 15 1
29 108 0
29 165 0
29 367 1
29 452 1
29 535 0
29 819 0
29 843 1
29 975 0
29 977 1
30 13 1
30 15 0
30 31 1
30 68 0
30 198 0
30 296 1
30 403 1
30 419 0
30 538 1
30 589 1
30 648 0
30 846 1
30 867 0
30 969 0
30 976 1
31 23 1
31 32 1
31 57 1
31 118 0
31 313 1
31 573 1
31 621 1
31 677 1
31 680 0
31 686 1
31 924 1
31 972 1
32 100 1
32 208 0
32 651 0
32 750 1
32 838 0
32 941 0
32 947 1
32 972 0
33 65 0
33 133 1
33 168 0
33 257 1
33 295 0
33 328 1
33 375 1
33 418 1
33 698 1
33 762 1
33 826 0
33 852 0
33 868 0
33 885 1
33 933 1
33 987 0
34 7 1
34 53 0
34 158 0
34 252 0
34 283 1
34 374 0
34 460 0
34 612 0
34 891 1
35 50 1
35 69 1
35 103 0
35 139 1
35 246 0
35 271 0
35 325 1
35 326 0
35 641 1
35 711 1
35 787 0
35 849 0
36 69 0
36 138 1
36 196 1
36 216 0
36 690 1
36 772 0
36 880 0
36 886 0
37 37 0
37 168 1
37 171 1
37 337 0
37 409 1
37 774 0
37 812 1
37 874 1
37 917 0
38 125 0
38 303 0
38 384 0
38 390 0
38 433 0
38 485 1
38 512 1
38 599 0
38 607 1
38 764 1
38 871 0
38 952 1
39 30 1
39 201 0
39 292 1
39 375 0
39 547 0
39 663 1
39 993 0
39 995 0
40 56 1
40 65 1
40 80 0
40 97 1
40 159 1
40 652 1
40 702 1
40 911 0
40 969 1
41 269 0
41 289 1
41 291 1
41 340 1
41 376 0
41 484 1
41 568 1
41 675 1
41 902 1
41 913 0
41 950 0
41 953 0
41 975 0
42 11 0
42 100 0
42 128 1
42 216 0
42 307 1
42 652 0
42 761 0
42 764 0
42 839 1
42 919 1
42 953 1
42 965 0
43 459 0
43 621 1
43 813 1
43 853 0
44 262 0
44 362 0
44 402 1
44 437 0
44 494 1
44 497 1
44 865 0
44 904 0
45 51 0
45 64 0
45 103 1
45 116 0
45 191 0
45 193 1
45 217 1
45 257 0
45 259 0
45 382 0
45 391 1
45 405 0
45 902 0
46 39 1
46 140 0
46 385 0
46 464 0
46 549 1
46 639 0
46 666 1
46 688 0
46 730 1
46 737 1
46 790 0
46 838 0
46 967 1
47 147 0
47 204 0
47 205 1
47 446 1
47 453 1
47 567 0
47 615 1
47 819 1
47 820 1
47 940 0
47 986 1
48 43 0
48 49 0
48 197 0
48 201 1
48 229 0
48 358 1
48 478 1
48 521 1
48 543 1
48 805 0
48 911 0
49 61 0
49 152 0
49 357 0
49 502 0
49 570 1
49 644 1
49 804 1
50 205 1
50 278 1
50 320 0
50 607 0
50 618 0
50 621 0
50 825 1
50 836 0
50 853 1
51 54 0
51 165 1
51 239 0
51 322 1
51 379 0
51 407 0
51 510 1
51 600 1
51 682 1
51 812 0
51 893 0
51 921 1
52 387 1
52 560 0
52 664 1
53 151 0
53 195 1
53 471 0
53 565 1
53 701 1
53 906 1
54 76 0
54 166 0
54 228 0
54 305 1
54 370 0
54 436 1
54 626 0
54 761 1
54 894 0
55 116 1
55 165 0
55 268 0
55 320 0
55 681 1
55 752 1
56 1 0
56 31 0
56 44 0
56 51 1
56 126 0
56 274 1
56 293 1
56 611 1
56 731 1
56 742 1
57 258 0
57 308 0
57 512 1
57 616 0
57 959 1
57 971 0
58 70 1
58 88 1
58 483 1
58 691 1
58 825 1
58 895 1
58 966 1
59 50 0
59 198 0
59 373 1
59 485 1
59 556 0
59 640 0
59 658 0
59 683 0
59 720 0
60 51 1
60 207 1
60 229 0
60 480 1
60 520 1
60 585 1
60 650 1
60 782 1
60 991 1
61 168 0
61 407 1
61 591 0
61 720 1
61 745 0
61 756 0
61 781 1
61 817 1
61 862 1
61 923 1
61 931 1
61 932 1
62 20 0
62 53 0
62 75 0
62 238 1
62 269 1
62 610 0
62 668 0
62 670 1
62 744 1
62 759 1
62 801 0
62 910 1
63 38 0
63 162 0
63 235 1
63 349 0
63 364 1
63 420 0
63 487 0
63 563 1
63 575 0
63 621 1
63 875 1
64 64 1
64 78 1
64 209 0
64 257 0
64 355 1
64 417 1
64 478 0
65 138 0
65 203 0
65 237 1
65 239 0
65 260 1
65 324 0
65 328 1
65 372 1
65 485 0
65 638 0
65 705 0
65 926 1
65 931 0
65 975 0
65 987 1
66 10 1
66 80 1
66 117 0
66 213 0
66 214 1
66 295 0
66 549 1
66 585 1
66 643 0
66 822 1
67 3 1
67 116 0
67 213 1
67 267 0
67 364 0
67 408 0
67 621 1
67 671 1
67 862 0
67 888 1
68 8 0
68 16 1
68 163 1
68 414 1
68 475 1
68 598 0
68 715 0
68 796 1
68 980 1
69 100 0
69 169 1
69 257 1
69 384 1
69 462 1
69 601 1
69 613 0
69 701 1
69 772 0
69 797 1
69 824 1
70 97 1
70 277 1
70 430 1
70 440 0
70 443 0
70 481 1
70 568 0
70 639 1
70 762 0
70 849 0
70 901 1
70 903 0
71 7 1
71 22 0
71 31 0
71 70 0
71 271 1
71 291 1
71 366 0
71 476 1
71 667 1
71 840 1
71 858 0
72 7 1
72 124 0
72 130 1
72 188 1
72 628 0
72 643 0
72 991 0
73 161 1
73 285 1
73 487 1
73 536 0
73 550 0
73 645 0
73 969 0
73 987 1
74 15 1
74 112 1
74 162 1
74 205 0
74 239 0
74 300 1
74 770 0
74 986 0
75 88 1
75 129 0
75 354 1
75 398 1
75 587 1
75 801 0
76 239 0
76 347 0
76 405 1
76 473 0
76 511 1
76 543 1
76 560 1
76 604 0
76 606 1
76 611 0
76 762 1
76 939 0
77 28 0
77 281 0
77 589 1
77 647 1
77 680 0
77 745 0
77 749 0
78 218 1
78 331 0
78 473 1
78 576 1
78 723 1
78 827 1
78 955 1
78 963 0
79 32 1
79 53 1
79 251 1
79 383 0
79 431 1
79 506 1
79 595 0
79 603 1
79 618 1
79 736 1
79 866 1
79 959 1
80 331 1
80 403 0
80 685 0
80 719 0
80 764 0
80 804 1
80 871 0
80 879 0
80 933 0
80 941 0
81 103 0
81 124 1
81 177 1
81 197 0
81 240 0
81 300 0
81 408 1
81 434 0
81 544 1
81 581 1
81 587 0
81 644 1
81 671 0
81 855 1
81 889 1
81 944 0
82 142 0
82 226 1
82 255 1
82 387 1
82 397 0
82 503 0
82 519 1
82 575 0
82 667 0
82 708 1
82 732 1
82 772 1
82 792 1
82 806 1
82 817 0
82 839 0
82 894 1
82 953 0
83 17 0
83 62 1
83 90 1
83 127 0
83 134 0
83 157 0
83 263 0
83 439 0
83 453 0
83 466 1
83 536 1
83 542 0
83 725 1
83 985 0
84 63 0
84 84 1
84 141 1
84 222 1
84 395 0
85 264 0
85 332 1
85 413 0
85 516 0
85 541 0
85 576 0
85 646 0
85 679 0
85 747 0
85 756 1
85 757 1
85 865 1
85 892 0
85 941 1
86 29 1
86 207 1
86 272 1
86 274 0
86 463 0
86 561 0
86 578 0
86 798 0
86 857 1
87 37 1
87 305 0
87 377 0
87 411 0
87 533 0
87 713 1
87 714 0
88 25 1
88 255 0
88 346 1
88 349 0
88 803 0
88 894 0
88 915 1
89 48 1
89 249 1
89 297 0
89 375 0
89 460 0
89 587 0
89 617 0
89 765 0
89 978 1
90 68 1
90 203 0
90 329 1
90 458 0
90 464 1
90 996 1
91 343 0
91 429 1
91 457 1
91 479 0
91 580 0
91 665 1
91 680 0
91 825 0
91 868 0
91 869 1
92 112 1
92 349 1
92 408 0
92 440 1
92 451 0
92 648 1
92 729 1
92 895 1
93 28 1
93 120 1
93 144 0
93 332 0
93 334 1
93 366 1
93 382 0
93 502 1
93 713 0
93 955 0
94 56 1
94 276 0
94 284 1
94 337 0
94 393 0
94 549 1
94 556 1
94 863 1
94 882 1
94 953 1
94 986 1
95 277 1
95 387 0
95 454 0
95 538 1
95 699 0
95 735 1
95 769 1
95 771 1
95 875 1
95 933 0
95 993 1
96 397 0
96 469 0
96 535 0
96 571 0
96 615 1
96 663 0
96 813 0
96 829 0
96 879 0
96 891 1
96 894 1
96 956 1
97 132 1
97 468 1
97 498 0
97 511 0
97 654 1
97 661 0
97 782 1
97 788 0
97 848 0
97 998 1
98 163 1
98 240 0
98 369 1
98 583 0
98 672 1
98 748 1
98 809 0
98 829 0
98 968 0
99 111 0
99 136 1
99 147 1
99 229 0
99 329 1
99 395 1
99 638 1
99 781 1
99 896 1
100 65 0
100 208 1
100 236 0
100 246 1
100 399 0
100 461 0
100 471 1
100 572 1
100 620 0
100 720 0
100 798 0
100 866 1
101 28 1
101 128 0
101 386 1
101 542 0
101 572 1
101 581 1
101 646 0
101 951 0
102 97 0
102 99 0
102 150 0
102 162 1
102 228 1
102 408 0
102 599 0
102 603 0
102 645 1
102 717 0
102 781 1
102 950 0
103 10 1
103 29 1
103 58 0
103 222 1
103 423 0
103 471 1
103 473 1
103 550 0
103 679 1
103 838 1
103 922 0
104 236 0
104 271 0
104 461 0
104 492 1
104 690 1
104 776 1
104 777 0
105 39 0
105 101 0
105 264 0
105 467 1
105 496 0
105 872 0
105 931 0
105 943 1
106 8 0
106 218 0
106 397 0
106 480 1
106 585 0
106 724 0
106 793 1
106 885 0
106 886 1
107 19 0
107 162 1
107 178 0
107 192 0
107 197 0
107 327 1
107 353 0
107 381 1
107 429 1
107 507 0
107 542 1
107 616 0
107 739 0
107 814 1
107 821 0
107 870 0
107 960 0
108 143 0
108 260 1
108 349 0
108 356 0
108 372 0
108 477 0
108 631 1
108 693 1
108 708 1
108 859 0
108 878 0
109 81 1
109 219 0
109 300 0
109 354 0
109 356 0
109 476 0
109 620 1
109 800 0
109 874 0
109 891 0
110 10 0
110 17 1
110 55 1
110 64 0
110 94 1
110 289 0
110 379 1
110 424 0
110 485 1
110 530 0
110 566 1
110 729 0
110 768 0
110 852 1
110 906 1
110 947 0
110 997 1
110 998 0
111 136 0
111 202 0
111 419 1
111 442 0
111 549 1
111 592 1
111 625 0
111 699 1
111 730 0
111 853 0
111 895 0
112 265 0
112 602 0
112 670 0
112 682 1
112 685 0
112 731 1
112 770 1
112 820 1
112 886 1
113 15 1
113 232 1
113 240 0
113 407 0
113 499 0
113 514 1
113 548 0
113 880 1
113 921 0
114 103 1
114 260 0
114 413 1
114 437 1
114 447 0
114 565 1
114 609 0
114 661 1
114 811 1
114 852 0
115 184 1
115 291 0
115 592 1
115 821 0
115 921 1
116 82 0
116 207 0
116 228 0
116 292 1
116 299 1
116 326 1
116 434 1
116 446 1
116 460 0
116 778 1
116 801 1
117 81 0
117 94 0
117 244 0
117 277 0
117 390 1
117 391 1
117 404 0
117 547 1
117 572 0
117 668 0
117 681 0
117 738 0
118 29 0
118 56 0
118 184 1
118 199 0
118 246 0
118 293 1
118 482 1
118 531 1
118 569 1
118 663 1
118 949 1
119 12 1
119 102 1
119 167 1
119 198 0
119 220 0
119 260 1
119 272 1
119 427 0
119 521 0
119 539 1
119 541 0
119 690 1
119 870 0
119 924 1
120 144 1
120 305 1
120 330 1
120 463 0
120 507 0
120 519 0
120 583 1
120 632 0
120 680 0
120 711 0
120 811 0
120 919 0
121 80 1
121 117 0
121 414 0
121 668 0
121 705 1
121 961 1
122 115 0
122 225 0
122 250 0
122 303 0
122 315 1
122 358 0
122 461 0
122 520 0
122 648 1
122 829 0
122 837 1
122 839 1
122 958 1
123 97 1
123 342 1
123 474 0
123 616 0
123 667 1
123 795 0
123 840 1
123 842 0
123 869 0
123 995 1
124 220 0
124 374 0
124 386 0
124 449 1
124 745 0
124 751 1
124 808 0
124 966 1
125 88 1
125 121 0
125 140 0
125 159 0
125 195 1
125 324 0
125 332 1
125 581 0
125 608 0
125 649 0
125 723 1
125 891 0
125 900 1
126 52 0
126 154 0
126 481 0
126 533 1
126 552 1
126 599 1
126 725 0
126 803 1
126 831 0
126 922 1
127 164 0
127 314 1
127 424 0
127 568 0
127 617 0
127 624 0
127 829 1
127 832 0
127 994 0
128 145 0
128 237 1
128 292 0
128 300 0
128 393 1
128 431 1
128 499 1
128 791 0
128 811 1
128 841 0
128 890 0
129 66 1
129 108 0
129 139 1
129 186 0
129 248 1
129 285 0
129 387 1
129 437 1
129 489 0
129 520 1
129 618 1
129 670 0
129 745 1
129 860 0
129 934 1
130 167 0
130 405 1
130 414 1
130 486 1
130 551 1
130 813 0
130 961 0
131 179 1
131 228 0
131 330 1
131 495 0
131 564 0
131 639 1
131 647 1
131 651 1
131 792 1
131 811 1
131 961 1
131 963 0
131 980 0
131 994 0
132 12 0
132 145 1
132 268 0
132 406 1
132 921 1
132 937 0
132 991 0
133 51 0
133 136 1
133 175 0
133 213 1
133 337 1
133 409 1
133 483 1
133 735 1
133 773 1
133 849 1
133 853 0
134 43 0
134 67 0
134 357 0
134 377 0
134 423 1
134 556 0
134 618 0
134 626 1
134 727 0
134 791 1
134 881 0
134 981 1
135 117 0
135 338 0
135 388 0
135 416 0
135 528 0
135 618 0
135 649 1
135 715 0
135 904 1
135 959 1
136 34 1
136 182 0
136 200 1
136 255 1
136 357 0
136 664 0
136 717 0
136 741 0
137 82 1
137 330 1
137 409 0
137 455 1
137 477 0
137 538 1
137 596 1
137 842 1
137 983 1
138 21 0
138 202 0
138 212 1
138 242 0
138 487 0
138 807 0
138 903 0
138 923 0
139 69 1
139 233 0
139 352 0
139 368 1
139 656 0
139 751 1
139 885 1
139 907 0
140 17 0
140 29 0
140 40 0
140 68 1
140 251 0
140 255 0
140 265 0
140 298 0
140 393 1
140 446 0
140 497 1
140 510 0
140 578 0
140 614 1
140 779 1
140 876 1
140 895 1
140 924 1
140 996 1
141 95 0
141 103 0
141 296 0
141 387 1
141 417 1
141 478 0
141 498 1
141 630 1
141 710 0
141 735 0
141 840 0
141 872 1
141 964 1
141 968 0
142 144 0
142 152 1
142 243 0
142 509 0
142 551 1
142 572 1
142 643 1
142 701 1
142 789 0
143 180 0
143 292 1
143 400 0
143 474 1
143 578 0
143 613 0
144 146 0
144 352 1
144 557 1
144 607 1
144 646 0
144 806 1
144 858 1
144 935 0
144 952 0
145 37 1
145 156 0
145 233 1
145 367 1
145 408 1
145 474 1
145 558 1
145 851 0
146 214 1
146 228 0
146 261 0
146 324 0
146 368 0
146 745 0
146 819 1
146 900 0
147 74 1
147 85 1
147 178 1
147 353 0
147 476 0
147 483 0
147 485 0
147 586 1
147 686 0
147 691 1
147 787 1
147 849 0
148 175 1
148 230 0
148 240 0
148 313 0
148 379 1
148 394 1
148 722 1
148 837 0
149 26 0
149 125 1
149 278 1
149 305 0
149 309 0
149 446 0
149 510 1
149 555 0
149 644 1
149 738 0
150 26 0
150 63 0
150 359 1
150 544 0
150 701 1
150 837 0
150 887 0
150 894 0
151 14 0
151 234 1
151 301 0
151 528 0
151 653 1
151 728 0
152 43 0
152 139 1
152 150 0
152 153 1
152 258 1
152 591 0
152 620 1
152 841 1
153 193 1
153 205 0
153 323 0
153 353 0
153 678 0
153 744 1
153 766 0
153 818 1
153 864 0
153 952 1
154 11 1
154 42 1
154 231 1
154 261 0
154 326 0
154 350 1
154 448 1
154 880 0
155 490 1
155 491 1
155 530 0
155 665 0
155 817 1
155 830 1
155 972 0
156 76 0
156 87 1
156 370 1
156 478 1
156 591 0
156 614 0
156 630 1
156 660 0
156 909 0
157 93 0
157 134 1
157 405 1
157 437 1
157 506 0
157 596 0
157 719 1
157 809 1
157 884 0
158 12 0
158 43 1
158 346 1
158 390 1
158 406 1
158 434 1
158 495 0
158 607 0
158 619 0
158 726 1
158 761 1
158 835 0
158 991 0
159 15 1
159 44 1
159 73 0
159 112 0
159 123 1
159 127 1
159 274 1
159 416 1
159 884 1
159 983 0
160 18 0
160 169 0
160 252 0
160 488 1
160 526 1
160 531 1
160 550 0
160 557 1
160 583 1
160 702 0
160 761 1
160 864 1
160 942 1
161 253 0
161 362 0
161 384 1
161 779 0
161 876 0
161 930 1
161 932 0
162 20 0
162 29 0
162 40 1
162 214 1
162 226 1
162 258 1
162 276 1
162 355 1
162 435 0
162 446 1
162 456 1
162 646 0
162 830 0
163 32 0
163 258 1
163 289 1
163 318 0
163 374 0
163 425 0
163 438 1
163 444 0
163 490 0
163 498 0
163 517 1
164 74 1
164 76 0
164 128 1
164 429 1
164 934 1
165 22 0
165 122 1
165 274 1
165 295 0
165 615 0
165 953 1
166 31 0
166 104 1
166 110 1
166 263 1
166 357 1
166 416 0
166 421 0
166 475 1
166 546 0
166 573 0
166 575 1
166 627 0
166 670 0
166 781 1
166 822 0
167 76 1
167 394 1
167 640 0
167 692 1
167 717 0
167 792 1
167 795 0
167 798 0
167 827 0
167 888 0
167 948 1
168 75 1
168 412 1
168 604 1
168 615 1
168 636 0
168 703 1
168 758 1
168 770 1
168 783 1
168 844 0
168 867 0
168 935 1
169 230 1
169 339 1
169 442 1
169 521 0
169 582 1
169 641 1
169 709 0
169 738 1
169 774 1
169 915 0
170 32 0
170 211 1
170 262 1
170 340 0
170 462 1
170 474 1
170 517 0
170 714 0
170 823 1
170 877 0
170 940 1
171 135 1
171 162 0
171 186 1
171 254 0
171 324 0
171 441 0
171 487 0
171 611 1
171 629 0
171 784 0
172 77 1
172 111 0
172 190 0
172 427 1
172 535 0
172 572 1
172 601 0
172 659 1
172 683 0
172 810 1
172 837 1
172 912 0
172 968 0
173 13 0
173 38 0
173 187 0
173 264 1
173 388 0
173 481 0
173 676 1
173 860 1
173 869 0
173 905 1
173 980 0
174 167 0
174 315 1
174 332 1
174 353 1
174 393 1
174 528 0
174 758 0
174 866 1
175 98 1
175 195 1
175 220 0
175 357 0
175 500 1
175 562 0
175 842 1
176 99 0
176 167 1
176 185 0
176 208 1
176 405 0
176 728 1
176 778 1
176 799 1
176 854 1
176 972 0
176 980 1
177 136 0
177 159 0
177 228 0
177 249 1
177 326 0
177 337 0
177 373 1
177 394 0
177 912 0
178 55 1
178 293 1
178 399 1
178 406 1
178 452 1
178 522 0
178 573 1
178 608 1
178 643 1
178 662 1
178 918 1
178 987 0
179 317 1
179 332 1
179 636 1
179 755 0
179 858 0
179 931 1
179 938 1
180 19 1
180 131 0
180 202 1
180 370 0
180 562 0
180 650 0
181 15 1
181 37 1
181 59 0
181 296 0
181 353 0
181 407 1
181 466 1
181 505 0
181 772 1
181 861 0
181 878 1
181 954 0
182 111 0
182 170 1
182 240 1
182 406 1
182 480 1
182 549 1
182 803 1
182 989 0
183 16 1
183 75 1
183 81 0
183 96 0
183 115 1
183 244 0
183 264 0
183 337 1
183 361 1
183 424 1
183 617 0
183 619 1
183 672 0
183 878 0
183 936 0
183 968 1
184 107 0
184 198 1
184 281 0
184 420 1
184 439 0
184 447 0
184 614 0
184 818 1
185 203 0
185 233 0
185 243 0
185 244 0
185 251 0
185 263 0
185 324 1
185 330 0
185 423 0
185 517 0
185 604 1
185 669 1
185 818 0
186 113 1
186 215 0
186 264 0
186 334 1
186 466 1
186 523 0
186 543 1
186 679 0
186 686 1
186 700 0
186 703 1
186 780 0
186 782 1
187 40 1
187 168 0
187 276 0
187 331 1
187 343 0
187 514 1
187 638 0
187 743 1
187 804 0
187 852 0
187 872 0
187 931 0
188 116 0
188 278 1
188 363 0
188 542 0
188 857 0
188 893 1
188 919 1
189 19 1
189 47 1
189 409 1
189 457 0
189 610 1
189 721 1
189 755 1
189 812 1
189 831 1
189 897 1
189 952 0
189 994 1
190 3 1
190 81 1
190 192 1
190 207 0
190 361 1
190 435 1
190 526 0
190 710 0
190 799 0
190 873 0
190 906 1
191 119 1
191 183 0
191 184 0
191 234 1
191 325 0
191 557 1
191 598 1
191 737 0
191 843 1
192 11 0
192 48 0
192 73 1
192 226 0
192 269 1
192 275 0
192 325 0
192 394 0
192 434 1
192 509 1
192 589 1
192 598 0
192 611 1
192 825 1
192 851 1
192 917 0
193 47 1
193 103 0
193 127 0
193 175 1
193 181 1
193 266 0
193 417 1
193 435 0
193 489 1
193 689 1
193 822 1
193 994 0
194 5 0
194 30 1
194 55 1
194 71 1
194 211 1
194 224 1
194 311 1
194 396 0
194 485 1
194 556 1
194 573 0
194 597 1
194 654 1
194 712 0
194 760 0
194 838 0
194 856 0
194 872 1
194 896 0
194 949 0
195 85 1
195 111 1
195 286 0
195 471 0
195 499 1
196 231 1
196 289 1
196 399 0
196 629 1
196 632 1
196 672 1
196 675 1
196 694 1
196 817 1
197 32 1
197 171 1
197 283 0
197 294 1
197 372 1
197 434 0
197 567 0
197 680 1
197 757 1
197 818 1
197 823 1
198 74 0
198 229 1
198 426 0
198 478 0
198 603 0
199 46 0
199 99 1
199 589 1
199 591 0
199 685 0
199 803 0
200 104 1
200 236 0
200 379 0
200 438 1
200 507 1
200 559 0
200 677 0
200 979 1
200 986 0
201 95 1
201 130 1
201 301 0
201 330 0
201 492 0
201 601 1
201 674 1
201 691 1
201 721 0
201 820 0
201 941 1
202 27 0
202 43 1
202 47 1
202 132 1
202 209 1
202 353 0
202 559 0
202 623 0
202 647 1
202 704 0
202 821 0
202 892 0
203 67 1
203 82 1
203 260 0
203 345 1
203 369 0
204 151 0
204 209 0
204 320 1
204 382 0
204 525 1
204 605 1
204 962 0
204 981 0
205 80 1
205 337 1
205 373 1
205 644 1
205 658 0
205 793 1
205 849 0
205 948 1
206 279 0
206 311 1
206 382 1
206 401 1
206 541 1
206 545 0
206 578 1
206 589 0
206 604 1
206 623 1
206 684 0
206 889 0
207 91 0
207 262 1
207 372 1
207 401 0
207 469 0
207 562 1
207 655 0
207 663 0
207 820 1
207 825 1
207 894 1
208 32 0
208 176 0
208 262 0
208 526 1
208 603 1
208 780 1
208 782 0
208 954 1
209 12 1
209 51 1
209 53 1
209 60 1
209 107 1
209 209 1
209 382 0
209 553 1
209 725 1
209 832 1
209 863 0
209 892 0
209 909 1
210 17 1
210 102 1
210 224 1
210 320 1
210 341 0
210 543 0
210 693 0
210 695 0
210 779 1
210 787 1
210 880 0
210 900 1
210 976 1
211 159 1
211 243 0
211 297 1
211 348 1
211 358 0
211 494 1
211 623 0
211 705 1
211 904 1
211 911 0
211 928 1
211 950 1
211 952 1
211 964 0
212 97 0
212 115 0
212 312 0
212 487 1
212 517 0
212 570 0
212 727 1
212 915 0
213 190 0
213 326 1
213 378 1
213 402 0
213 498 1
214 5 0
214 25 1
214 321 0
214 378 0
214 769 0
214 864 0
215 52 1
215 362 1
215 596 1
215 661 1
215 787 1
215 951 1
216 200 0
216 260 1
216 269 1
216 495 0
216 525 1
216 528 1
216 561 1
216 591 0
216 950 1
217 3 0
217 149 1
217 220 0
217 289 0
217 373 0
217 525 1
217 705 0
217 768 1
218 158 1
218 378 0
218 388 1
218 906 1
218 986 0
219 125 1
219 243 1
219 566 0
219 600 1
219 858 1
219 903 0
219 989 1
220 50 0
220 65 1
220 66 0
220 67 1
220 114 1
220 285 1
220 431 1
220 500 0
220 505 1
220 677 0
220 683 0
220 737 0
220 897 1
221 0 1
221 235 1
221 315 1
221 473 0
221 538 1
221 649 0
222 58 1
222 259 0
222 366 1
222 394 1
222 480 0
222 561 0
222 595 1
222 671 0
222 872 1
222 934 0
222 957 0
223 31 1
223 138 0
223 151 1
223 181 0
223 252 0
223 342 0
223 414 0
223 416 1
223 578 1
223 595 0
223 621 1
223 813 0
223 821 0
223 929 1
223 935 0
224 67 0
224 227 0
224 245 1
224 311 1
224 378 1
224 459 1
224 669 1
224 762 0
225 193 1
225 436 0
225 692 0
225 906 1
225 959 1
225 999 1
226 145 0
226 158 0
226 199 1
226 342 0
226 455 1
226 461 0
226 597 1
226 622 0
226 628 0
226 725 1
226 786 0
226 886 0
226 945 0
227 116 1
227 153 0
227 332 1
227 471 1
227 688 0
227 769 1
227 862 0
227 945 1
228 55 1
228 69 1
228 425 1
228 689 0
229 133 0
229 283 1
229 315 0
229 555 1
229 605 1
229 756 1
229 765 0
229 768 0
229 899 1
230 99 0
230 176 0
230 210 0
230 236 0
230 244 1
230 331 0
230 365 1
230 449 0
230 535 1
230 571 0
230 708 0
230 950 0
231 83 0
231 130 1
231 140 0
231 170 0
231 296 1
231 339 1
231 355 1
231 422 1
231 584 0
231 628 0
231 657 0
231 719 0
231 750 0
231 786 0
231 868 1
231 928 1
231 930 0
232 12 0
232 258 1
232 292 1
232 385 0
232 846 0
232 948 1
233 17 1
233 93 1
233 215 1
233 288 0
233 314 1
233 450 1
233 459 1
233 460 0
233 988 0
234 337 1
234 673 1
234 702 0
234 712 0
234 750 0
234 858 0
234 884 1
234 892 1
234 941 0
234 991 1
235 250 0
235 425 0
235 447 1
235 510 1
235 534 0
235 700 1
235 980 1
236 2 0
236 109 1
236 384 1
236 417 1
236 502 0
236 625 0
236 631 1
236 754 0
236 953 1
236 977 1
237 1 0
237 93 0
237 107 1
237 162 1
237 269 1
237 351 1
237 394 0
237 425 1
237 482 0
237 578 1
237 643 0
237 688 1
237 727 1
237 896 1
238 73 1
238 137 0
238 518 1
238 842 1
238 895 1
239 84 0
239 259 1
239 446 1
239 496 1
239 705 0
239 818 0
239 898 1
240 35 1
240 74 1
240 159 1
240 161 1
240 239 1
240 407 1
240 490 0
240 500 1
240 764 0
241 11 0
241 79 0
241 255 1
241 336 0
241 360 1
241 389 0
241 733 0
242 8 1
242 210 0
242 218 0
242 346 0
242 359 0
242 581 1
242 746 1
242 878 0
242 900 1
242 941 1
242 953 0
243 57 1
243 309 0
243 313 0
243 318 0
243 509 0
243 605 0
244 263 1
244 311 1
244 375 1
244 410 0
244 490 0
244 519 0
244 885 1
244 966 1
245 172 1
245 535 0
245 612 1
245 629 0
245 689 1
245 714 1
245 790 0
245 817 1
245 864 0
245 889 1
245 953 1
246 129 1
246 139 1
246 338 0
246 361 1
246 373 0
246 424 0
246 463 1
246 481 0
246 502 1
246 541 0
246 570 1
246 642 1
246 865 1
247 352 1
247 697 1
247 753 1
247 826 0
247 882 1
247 898 0
247 954 1
247 972 1
248 58 1
248 88 1
248 91 0
248 147 1
248 156 0
248 175 1
248 223 1
248 439 0
248 595 1
248 665 0
248 687 0
248 862 1
248 872 0
248 926 1
249 49 0
249 160 0
249 204 1
249 289 0
249 345 1
249 496 0
249 742 1
249 752 0
249 784 0
249 795 1
249 970 1
249 982 0
250 33 1
250 84 0
250 210 1
250 241 0
250 703 0
250 755 1
251 4 0
251 9 1
251 36 1
251 135 1
251 139 0
251 193 0
251 316 0
251 328 1
251 397 0
251 758 1
251 986 1
252 17 0
252 117 0
252 215 0
252 228 0
252 296 0
252 567 1
252 668 1
252 769 0
252 811 1
252 835 1
252 879 1
252 892 1
252 926 1
252 953 0
253 6 0
253 51 0
253 89 1
253 103 1
253 218 0
253 233 0
253 373 1
253 556 0
253 807 0
253 890 1
253 892 0
253 931 0
254 16 1
254 257 0
254 312 0
254 368 1
254 514 0
254 568 1
254 627 1
254 912 1
255 4 0
255 287 1
255 379 0
255 525 1
255 586 1
255 693 0
255 752 1
255 945 1
256 72 0
256 246 1
256 316 1
256 434 0
256 439 0
256 474 1
256 837 1
256 953 0
257 222 0
257 299 0
257 617 0
258 353 1
258 600 0
258 601 1
258 798 1
258 807 0
258 852 1
258 899 0
258 971 1
259 0 0
259 57 1
259 395 0
259 520 1
259 521 0
259 536 1
259 588 0
259 596 1
259 626 1
259 655 0
259 703 1
259 719 1
259 819 1
259 895 1
260 115 0
260 123 1
261 119 1
261 264 0
261 269 1
261 284 1
261 459 0
261 493 1
261 591 0
261 611 0
261 747 1
261 885 0
261 925 0
262 9 1
262 36 0
262 79 0
262 149 1
262 428 1
262 512 1
262 615 0
262 651 1
262 779 0
262 784 0
262 916 1
262 971 0
263 42 0
263 53 1
263 194 0
263 267 1
263 295 0
263 397 1
263 398 1
263 413 1
263 587 0
263 936 1
264 31 0
264 33 1
264 190 0
264 250 0
264 323 0
264 408 1
264 471 0
264 597 0
264 654 1
264 680 1
264 812 1
265 48 0
265 212 0
265 293 1
265 424 1
265 441 0
265 595 1
265 600 0
265 644 1
265 846 1
265 849 1
265 867 1
265 887 1
265 955 0
265 962 1
266 74 1
266 161 0
266 183 1
266 243 1
266 401 1
266 414 1
266 423 0
266 592 1
266 625 1
266 700 0
266 725 0
266 752 1
266 812 1
266 905 1
266 954 0
266 989 1
267 27 0
267 61 0
267 477 0
267 570 0
267 661 1
267 735 1
267 860 0
267 951 0
268 70 0
268 187 1
268 194 0
268 345 1
268 432 0
268 445 1
268 503 1
268 787 0
268 872 0
268 883 1
268 950 1
269 156 0
269 293 1
269 475 1
269 514 1
269 515 1
269 527 0
269 576 0
269 722 0
270 4 0
270 39 1
270 78 1
270 139 1
270 161 0
270 169 0
270 428 0
270 666 0
270 796 0
270 999 0
271 28 1
271 65 0
271 84 1
271 200 0
271 278 0
271 292 1
271 423 0
271 544 1
271 656 1
271 828 0
271 973 0
271 981 0
272 111 0
272 141 0
272 147 1
272 163 0
272 258 0
272 276 0
272 364 1
272 459 0
272 608 0
272 620 0
272 901 0
272 938 0
272 997 1
273 270 1
273 293 0
273 309 0
273 419 1
273 463 0
273 465 0
273 598 1
273 623 0
273 628 0
273 808 0
274 20 1
274 42 0
274 266 0
274 336 0
274 446 1
274 570 1
274 678 0
274 715 1
274 811 1
274 862 0
274 974 0
274 983 1
275 137 0
275 292 0
275 371 0
275 533 1
275 675 0
275 691 1
275 716 0
275 754 1
275 803 1
275 872 1
275 885 1
275 974 0
276 171 1
276 177 0
276 275 1
276 743 0
276 864 1
276 882 1
276 920 1
276 946 0
277 190 0
277 235 0
277 497 1
277 593 1
277 616 0
277 626 1
277 671 1
277 765 1
278 63 0
278 80 1
278 115 0
278 159 1
278 240 0
278 463 1
278 591 0
278 618 1
278 925 0
278 994 0
279 399 0
279 482 1
279 663 1
279 686 0
280 16 1
280 105 1
280 147 0
280 330 0
280 514 1
280 534 1
280 622 1
280 773 1
280 777 1
280 822 0
280 848 1
280 927 1
281 190 0
281 314 0
281 325 1
281 372 0
281 480 1
281 555 0
281 560 1
281 637 0
281 835 1
281 877 0
281 894 1
281 934 1
281 964 0
282 6 0
282 77 1
282 101 1
282 102 0
282 118 1
282 147 0
282 173 1
282 189 1
282 217 1
282 238 0
282 345 1
282 437 0
282 786 0
282 869 0
282 942 1
283 107 0
283 135 0
283 152 1
283 157 0
283 480 1
283 544 1
283 668 1
283 671 1
283 721 0
283 901 1
284 3 1
284 59 0
284 189 1
284 322 1
284 446 0
284 538 0
284 639 0
284 704 0
285 41 0
285 120 1
285 154 0
285 192 1
285 195 1
285 256 0
285 309 1
285 320 0
285 579 0
285 597 0
285 608 0
285 741 1
286 45 1
286 93 1
286 98 0
286 108 0
286 237 0
286 297 1
286 327 1
286 405 0
286 407 1
286 669 1
286 717 0
286 834 1
286 888 1
286 899 0
286 921 0
286 940 0
287 48 1
287 55 0
287 258 0
287 346 1
287 474 0
287 734 0
287 802 0
287 940 0
288 58 1
288 79 0
288 102 1
288 296 0
288 363 0
288 369 0
288 389 1
288 597 0
288 646 1
288 656 1
288 658 1
288 735 1
288 974 1
289 20 1
289 132 0
289 167 0
289 336 0
289 357 1
289 389 1
289 453 0
289 641 0
289 649 0
289 778 0
289 798 1
289 850 0
289 920 1
289 957 0
290 23 0
290 101 0
290 102 1
290 110 1
290 223 0
290 317 1
290 461 0
290 882 1
290 962 0
291 80 1
291 122 1
291 212 1
291 494 1
291 498 0
291 595 0
291 682 1
291 756 1
291 770 0
291 853 1
292 473 1
292 494 1
292 498 0
292 584 1
292 640 1
292 741 0
292 797 1
292 821 0
292 914 1
293 85 1
293 111 1
293 181 1
293 395 1
293 510 1
293 531 0
293 920 1
293 988 1
294 53 1
294 247 0
294 404 0
294 626 1
294 711 1
294 762 1
294 908 0
294 913 0
295 31 1
295 110 1
295 217 1
295 424 1
295 518 0
295 617 0
295 749 1
295 876 1
296 112 1
296 193 0
296 341 1
296 496 1
296 801 1
296 817 1
296 824 1
296 920 0
296 923 0
297 44 0
297 70 1
297 91 0
297 175 0
297 251 1
297 265 0
297 454 0
297 756 0
297 849 1
297 988 1
298 0 0
298 18 0
298 36 0
298 97 0
298 202 1
298 273 1
298 414 1
298 427 1
298 506 1
298 636 1
298 637 0
298 899 0
299 105 0
299 246 1
299 253 0
299 426 0
299 441 1
299 829 0
300 4 1
300 23 0
300 83 0
300 102 0
300 111 0
300 257 0
300 295 1
300 492 0
300 536 1
300 570 1
300 581 0
300 653 1
300 813 1
301 1 1
301 29 0
301 105 0
301 159 1
301 309 1
301 538 0
301 735 1
302 0 1
302 26 0
302 148 0
302 173 0
302 341 0
302 396 0
302 518 0
302 690 1
302 740 1
302 765 1
302 778 0
303 12 1
303 213 1
303 244 0
303 252 1
303 537 0
303 819 1
303 906 1
304 283 1
304 404 1
304 467 0
304 639 1
304 701 1
304 835 0
305 56 1
305 79 1
305 136 1
305 237 0
305 242 1
305 287 0
305 294 0
305 464 1
305 473 0
305 544 0
305 648 1
305 726 1
305 785 1
305 908 1
305 965 0
305 984 0
306 95 1
306 242 0
306 255 1
306 315 0
306 378 0
306 386 1
306 490 0
306 626 1
306 690 0
306 738 0
306 758 0
306 890 0
306 949 1
307 185 0
307 227 1
307 272 0
307 303 0
307 349 0
307 387 1
307 399 1
307 414 0
307 568 1
307 592 1
307 639 1
308 102 1
308 236 1
308 325 0
308 422 1
308 438 1
308 463 0
308 553 1
308 569 0
308 656 1
308 673 0
308 703 0
308 715 0
308 770 1
308 834 0
308 861 1
309 100 1
309 258 1
309 375 0
309 650 0
309 717 1
309 754 1
309 801 1
309 890 0
310 86 0
310 102 0
310 136 0
310 142 0
310 211 0
310 215 0
310 338 1
310 360 0
310 370 1
310 436 1
310 439 1
310 594 1
310 719 0
310 838 1
310 901 1
310 986 1
311 274 1
311 328 0
311 539 0
311 592 1
311 629 1
311 659 1
311 670 1
311 806 0
311 855 1
312 27 0
312 177 1
312 260 1
312 326 0
312 600 0
312 760 1
312 767 1
312 833 0
313 65 0
313 90 0
313 285 0
313 336 0
313 353 0
313 488 1
313 490 1
313 622 0
313 667 0
313 692 0
313 729 0
313 730 1
313 733 1
313 905 0
313 917 1
313 966 0
314 52 0
314 119 0
314 268 0
314 324 0
314 397 1
314 474 1
314 717 1
314 766 0
314 807 0
314 886 1
315 4 1
315 229 0
315 294 0
315 413 0
315 435 0
315 467 0
315 587 1
315 614 1
315 792 1
315 941 1
316 419 0
316 550 1
316 605 0
316 629 1
316 657 1
316 687 0
316 883 1
316 944 0
317 63 0
317 122 1
317 150 1
317 187 1
317 273 0
317 408 1
317 521 1
317 758 1
317 772 0
318 136 1
318 138 0
318 250 1
318 496 0
318 566 0
318 760 1
318 764 1
318 903 0
318 956 1
319 35 1
319 37 0
319 41 0
319 58 1
319 125 1
319 167 1
319 303 1
319 323 0
319 328 0
319 492 0
319 539 0
319 562 1
319 614 1
319 731 1
320 97 1
320 186 1
320 300 1
320 405 1
320 692 0
320 811 0
320 876 1
320 980 0
321 74 1
321 92 1
321 123 0
321 193 0
321 202 0
321 222 1
321 332 1
321 418 0
321 571 1
321 710 0
321 845 0
321 868 0
322 56 0
322 78 0
322 105 1
322 229 0
322 284 1
322 292 0
322 424 1
322 480 1
322 573 1
322 757 1
322 863 0
322 943 1
323 183 1
323 227 1
323 397 1
323 502 0
323 727 1
323 771 1
323 964 0
324 89 0
324 117 1
324 142 0
324 190 1
324 195 0
324 228 0
324 310 0
324 389 0
324 689 1
324 755 1
324 935 0
325 4 1
325 88 1
325 129 0
325 294 0
325 478 1
325 505 1
325 550 0
325 620 0
325 642 0
325 679 1
325 742 1
325 761 1
325 773 0
325 953 0
326 69 1
326 256 0
326 409 1
326 450 0
326 473 1
326 497 0
326 563 0
326 640 1
326 782 1
326 914 0
326 938 0
327 118 1
327 126 1
327 171 1
327 174 1
327 365 0
327 774 1
327 886 0
327 958 0
328 7 0
328 54 1
328 121 1
328 205 0
328 247 1
328 412 1
328 523 1
328 861 0
328 969 0
328 988 1
328 992 0
329 36 1
329 166 0
329 171 0
329 191 0
329 229 1
329 253 0
329 346 1
329 418 0
329 549 1
329 631 0
329 943 1
330 158 0
330 311 0
330 339 1
330 383 1
330 414 1
330 473 0
330 817 0
330 822 0
330 849 0
330 886 1
330 916 1
330 981 0
331 139 1
331 187 1
331 380 0
331 542 1
331 612 1
331 657 1
331 806 0
331 835 1
331 852 1
331 924 1
331 928 0
332 91 1
332 378 1
332 422 1
332 525 0
332 619 0
332 630 0
332 667 1
332 740 1
332 904 0
332 918 1
332 991 1
332 995 1
333 50 1
333 199 1
333 431 1
333 442 1
333 485 1
333 514 1
333 528 0
333 545 0
333 573 0
333 578 0
333 615 0
333 786 0
333 805 0
334 417 1
334 540 1
334 656 0
334 743 1
334 889 0
334 990 0
335 186 1
335 232 0
335 270 0
335 342 1
335 439 0
335 461 1
335 969 1
336 119 0
336 339 0
336 356 1
336 382 1
336 388 1
336 402 1
336 421 0
336 544 1
336 572 0
336 661 1
336 794 1
337 127 1
337 254 0
337 388 1
337 437 1
337 901 0
338 21 1
338 132 1
338 139 0
338 148 0
338 246 0
338 304 0
338 308 0
338 388 1
338 407 0
338 484 0
338 597 0
338 634 0
338 780 0
338 888 1
338 906 1
338 985 0
339 7 0
339 88 0
339 190 1
339 240 1
339 242 0
339 373 1
339 388 1
339 486 0
339 513 1
339 792 1
340 99 0
340 154 1
340 166 1
340 269 1
340 363 0
340 433 1
340 687 1
341 70 0
341 80 0
341 128 0
341 210 0
341 241 1
341 279 0
341 342 1
341 421 1
341 462 0
341 532 0
341 549 1
341 599 0
341 821 1
341 966 0
342 85 1
342 409 1
342 572 1
342 701 1
342 786 0
343 118 0
343 172 0
343 300 1
343 460 1
343 477 1
343 501 1
343 597 0
343 696 0
343 753 0
343 988 1
344 24 0
344 259 1
344 430 0
344 481 1
344 540 0
344 775 0
344 806 1
344 958 1
345 355 0
345 374 1
345 544 1
345 840 0
345 926 1
346 2 0
346 174 1
346 238 0
346 420 1
346 483 0
346 632 1
346 876 1
347 110 0
347 128 0
347 238 1
347 241 0
347 324 1
347 332 0
347 387 1
347 526 1
347 672 0
347 679 0
347 859 0
347 888 1
347 953 0
348 207 0
348 708 1
348 806 0
348 832 1
349 1 1
349 70 1
349 99 0
349 163 0
349 325 1
349 399 0
349 461 1
349 537 0
349 560 0
349 613 1
350 133 1
350 159 0
350 267 0
350 330 1
350 369 1
350 402 1
350 454 0
350 669 1
350 924 1
351 23 0
351 62 1
351 115 1
351 204 0
351 229 0
351 243 0
351 344 1
351 352 1
351 357 1
351 371 0
351 389 0
351 494 0
351 595 0
351 679 1
351 698 1
351 748 1
351 977 0
351 981 0
352 16 1
352 54 0
352 530 0
352 717 1
352 913 0
352 971 0
353 123 0
353 266 0
353 538 1
353 616 0
353 639 0
353 875 1
353 888 1
354 8 0
354 53 0
354 131 1
354 292 0
354 383 1
354 515 1
354 619 1
354 693 1
354 854 1
354 940 1
355 62 0
355 177 0
355 366 0
355 381 0
355 479 1
355 564 1
355 593 0
355 748 0
355 763 1
355 790 0
355 799 0
356 94 0
356 300 0
356 314 0
356 499 0
356 533 1
356 657 0
356 676 0
356 710 1
357 95 0
357 199 1
357 470 1
357 592 1
357 614 0
357 725 1
357 817 0
357 971 0
357 988 0
358 78 1
358 130 1
358 440 1
358 536 1
358 541 1
358 547 1
358 620 0
358 671 0
358 704 0
358 880 1
359 8 1
359 51 0
359 285 1
359 295 1
359 311 1
359 446 0
359 486 0
359 515 1
359 754 1
359 779 0
359 865 1
359 869 1
360 18 1
360 441 0
360 555 0
360 613 1
360 893 1
361 22 1
361 51 0
361 150 1
361 176 1
361 242 0
361 387 1
361 595 0
361 734 0
361 839 1
361 991 0
362 374 1
362 409 0
362 413 0
362 444 0
362 481 1
362 489 1
362 975 1
363 82 0
363 263 0
363 301 1
363 452 1
363 551 1
363 662 0
363 698 1
363 724 0
363 730 0
364 119 1
364 185 1
364 227 1
364 357 1
364 481 1
364 567 0
364 591 0
364 695 1
364 698 1
364 819 0
364 942 0
364 999 0
365 89 0
365 191 1
365 374 0
365 421 1
365 424 0
365 551 1
365 560 1
365 638 1
365 781 1
366 86 0
366 118 0
366 159 0
366 198 1
366 343 0
366 346 0
366 486 0
366 599 1
366 665 1
366 777 1
366 975 1
367 48 1
367 152 0
367 239 0
367 311 1
367 545 1
367 628 0
367 800 0
367 895 0
368 16 0
368 235 1
368 276 1
368 302 0
368 321 0
368 610 0
368 626 0
368 758 0
368 838 0
368 940 1
369 151 1
369 198 0
369 364 1
369 374 0
369 476 0
369 504 0
370 369 1
370 428 1
370 527 0
370 537 0
370 579 1
370 610 1
370 690 0
370 704 1
370 804 1
370 868 1
370 942 0
370 969 1
371 162 1
371 253 0
371 286 0
371 352 1
371 415 1
371 545 0
371 704 0
372 25 1
372 46 0
372 266 1
372 398 0
372 411 0
372 554 0
372 661 0
372 839 1
372 851 0
373 255 1
373 273 0
373 575 1
373 631 1
373 884 1
373 909 1
373 973 0
374 10 1
374 82 0
374 293 0
374 301 1
374 325 1
374 368 0
374 416 1
374 448 0
374 559 1
374 935 1
375 16 0
375 167 1
375 249 1
375 303 0
375 329 1
375 520 1
375 541 0
375 829 0
375 832 1
375 911 1
375 972 0
376 146 0
376 220 0
376 245 1
376 283 0
376 298 1
376 635 0
376 731 0
377 48 0
377 521 1
377 550 0
377 716 1
377 742 1
377 933 1
378 224 0
378 276 1
378 426 1
378 451 0
378 452 0
378 530 1
379 137 1
379 156 0
379 222 0
379 358 0
379 434 1
379 567 0
379 588 1
379 672 1
379 701 0
379 770 0
379 775 0
379 876 0
380 160 0
380 465 1
380 493 0
380 508 0
380 614 0
380 778 0
380 969 1
380 985 0
381 15 1
381 43 0
381 156 0
381 192 0
381 258 1
381 310 0
381 476 1
381 556 0
381 559 1
381 698 0
381 709 0
381 826 0
381 912 1
382 141 0
382 181 1
382 333 0
382 392 1
382 506 0
382 541 1
382 778 1
382 793 0
382 796 0
382 867 0
382 981 0
383 185 1
383 239 0
383 267 1
383 314 1
383 461 0
383 464 0
383 522 0
383 835 0
384 53 1
384 94 0
384 192 1
384 530 0
384 661 0
384 699 0
384 742 0
384 787 1
385 53 0
385 198 0
385 328 1
385 340 1
385 408 0
385 491 0
385 521 0
385 522 1
386 220 0
386 475 0
386 515 0
386 551 0
386 586 1
386 721 0
386 782 0
386 936 1
387 43 0
387 183 1
387 265 1
387 363 1
387 493 0
387 531 0
387 750 0
387 775 1
387 917 0
388 113 1
388 483 1
388 525 0
388 635 1
388 748 1
388 862 1
388 965 1
389 61 1
389 172 1
389 271 0
389 307 1
389 388 0
389 435 1
389 563 1
389 591 0
389 721 1
389 750 0
389 768 0
389 888 1
389 914 1
389 927 0
389 970 0
390 351 0
390 485 1
390 618 0
390 727 0
390 736 1
390 741 0
390 951 1
391 40 1
391 43 1
391 142 1
391 178 1
391 330 1
391 342 0
391 388 0
391 683 0
391 697 0
391 710 1
391 860 1
391 989 1
392 126 1
392 507 1
392 589 1
392 740 1
392 897 0
392 919 0
392 989 0
393 79 0
393 484 1
393 668 1
393 723 0
393 822 1
393 840 1
393 844 0
393 866 1
393 973 1
394 50 0
394 200 1
394 431 0
394 538 1
394 946 0
394 975 1
395 11 1
395 97 0
395 222 0
395 541 1
395 575 1
395 742 1
395 854 0
395 869 0
395 908 1
395 961 1
396 15 0
396 72 0
396 268 0
396 292 0
396 378 1
396 392 0
396 457 0
396 568 0
396 584 0
396 778 1
397 4 1
397 97 1
397 98 1
397 316 0
397 459 1
397 521 0
397 564 0
397 719 0
397 768 0
397 778 0
397 830 0
397 858 1
397 879 0
397 952 0
398 18 0
398 85 0
398 176 0
398 264 1
398 581 1
398 741 0
398 830 1
398 860 1
399 57 1
399 135 1
399 289 1
399 506 1
399 689 0
399 715 1
399 953 0
400 2 1
400 12 0
400 189 0
400 390 1
400 441 1
400 503 0
400 854 0
400 866 1
400 884 0
400 909 0
400 956 1
401 4 0
401 200 1
401 219 1
401 470 0
401 983 1
402 49 0
402 253 1
402 409 0
402 428 1
402 550 0
402 707 1
402 734 0
402 784 1
402 848 0
402 972 0
403 35 1
403 228 1
403 237 1
403 251 0
403 254 0
403 351 0
403 365 0
403 408 0
403 575 0
403 766 0
403 860 0
404 42 1
404 163 0
404 198 0
404 340 1
404 451 0
404 678 1
404 719 0
404 726 0
405 0 1
405 3 0
405 40 0
405 182 0
405 224 0
405 481 0
405 561 0
405 712 0
405 763 1
405 788 0
405 823 0
405 893 0
405 930 0
406 59 1
406 190 1
406 216 0
406 252 0
406 340 0
406 368 1
406 505 1
406 506 0
406 514 0
406 572 1
406 609 1
406 812 0
406 813 0
406 827 1
406 834 0
406 886 1
406 963 1
407 50 1
407 92 0
407 206 1
407 209 0
407 518 0
407 573 1
407 584 1
407 588 1
407 662 1
407 920 1
408 9 1
408 11 1
408 13 1
408 17 0
408 40 0
408 53 1
408 219 1
408 295 1
408 452 0
408 461 1
408 627 1
408 649 1
408 656 0
408 702 0
408 703 1
408 782 1
408 823 1
409 41 0
409 83 0
409 143 1
409 186 0
409 316 0
409 388 0
409 399 1
409 408 1
409 473 1
409 495 0
409 566 0
409 607 0
409 656 0
409 847 0
410 38 1
410 66 0
410 130 1
410 141 0
410 311 0
410 358 1
410 542 0
410 791 0
410 847 0
411 167 0
411 217 0
411 252 1
411 364 0
411 370 0
411 543 0
411 739 0
411 819 0
411 913 1
411 971 1
412 37 1
412 41 1
412 196 1
412 285 1
412 324 0
412 336 0
412 399 1
412 783 1
412 802 0
412 842 1
412 998 0
413 88 1
413 96 1
413 160 1
413 161 0
413 209 1
413 264 0
413 304 0
413 361 1
413 491 1
413 508 1
413 529 1
413 779 0
413 797 0
413 822 0
413 979 0
413 994 0
414 478 1
414 541 1
414 560 1
414 630 1
414 667 1
414 749 1
415 48 0
415 180 0
415 210 1
415 221 1
415 313 1
415 403 0
415 407 1
415 424 1
415 638 0
415 706 1
415 745 1
415 981 0
416 175 0
416 266 1
416 279 0
416 304 0
416 309 0
416 374 0
416 630 1
416 778 1
416 786 0
417 134 1
417 322 0
417 337 0
417 365 1
417 402 1
417 621 0
417 669 1
417 775 1
417 832 1
417 998 1
418 51 1
418 90 1
418 105 1
418 195 1
418 498 1
418 505 0
418 510 1
418 560 1
418 720 0
419 114 0
419 272 0
419 398 0
419 449 1
419 582 0
419 721 0
419 728 0
419 873 0
419 946 0
419 994 1
420 25 1
420 79 0
420 80 1
420 184 0
420 189 1
420 193 0
420 238 0
420 316 0
420 358 1
420 627 0
420 730 0
420 746 1
420 791 1
420 920 0
421 67 0
421 78 0
421 102 1
421 157 1
421 204 1
421 235 1
421 240 0
421 341 1
421 511 0
421 642 1
421 739 0
421 863 0
421 914 0
421 916 1
422 34 0
422 59 1
422 65 1
422 77 0
422 106 0
422 141 0
422 255 0
422 381 1
422 514 0
422 568 1
422 659 1
422 706 0
422 756 1
422 777 0
422 805 1
422 918 1
423 964 1
424 52 0
424 113 0
424 128 1
424 434 0
424 893 0
424 903 0
425 50 0
425 71 0
425 197 1
425 260 0
425 303 0
425 327 0
425 542 0
425 560 0
425 573 1
425 641 0
425 726 0
425 763 0
425 868 1
425 870 1
425 892 0
426 22 1
426 165 0
426 240 0
426 259 1
426 428 1
426 574 0
426 614 0
426 631 0
426 690 0
426 818 1
426 840 1
426 868 0
427 98 1
427 160 0
427 352 1
427 501 1
427 512 0
427 772 0
427 783 0
427 861 1
427 865 1
427 925 0
427 946 1
428 133 0
428 283 0
428 306 0
428 367 1
428 515 1
428 667 1
428 675 1
428 697 0
428 726 1
429 71 1
429 330 1
429 402 1
429 501 0
429 591 0
429 602 0
429 706 1
429 731 1
429 734 1
429 852 0
429 859 1
429 965 1
429 976 0
430 29 1
430 110 1
430 191 0
430 202 1
430 238 1
430 249 1
430 610 1
430 624 1
430 644 1
430 742 1
431 171 0
431 292 0
431 297 0
431 385 1
431 468 0
431 481 1
431 551 0
431 867 0
431 955 0
431 973 0
432 59 1
432 100 0
432 129 0
432 370 1
432 460 0
432 540 0
432 690 0
432 711 0
432 755 1
432 810 0
433 74 1
433 124 1
433 247 0
433 340 1
433 341 0
433 346 0
433 511 1
433 714 0
433 738 1
434 21 0
434 34 0
434 61 0
434 118 1
434 130 0
434 131 0
434 133 1
434 148 0
434 162 0
434 185 1
434 199 1
434 256 1
434 310 1
434 317 0
434 333 1
434 354 1
434 429 0
434 571 0
434 630 0
434 729 0
434 755 1
434 818 0
435 44 1
435 71 1
435 150 0
435 218 1
435 291 0
435 465 0
435 497 0
435 520 1
435 551 0
435 584 0
435 628 0
435 681 1
436 22 1
436 138 0
436 140 0
436 159 0
436 185 0
436 211 0
436 277 0
436 307 0
436 379 0
436 428 0
436 432 1
436 515 0
436 593 1
436 791 1
436 933 1
437 74 1
437 215 0
437 394 1
437 398 1
437 532 1
437 587 1
437 688 1
437 809 1
437 825 0
437 897 1
438 240 0
438 464 1
438 852 1
438 890 0
438 915 1
439 157 1
439 355 0
439 457 0
439 464 1
439 580 1
439 616 0
439 867 1
440 97 1
440 99 1
440 128 1
440 464 1
440 477 1
440 599 0
440 794 0
440 795 0
440 826 0
440 835 0
441 180 0
441 189 1
441 412 1
441 512 0
441 515 0
441 646 0
441 737 0
442 82 0
442 129 1
442 229 1
442 293 1
442 434 1
442 582 1
442 679 1
442 752 1
442 754 1
442 898 0
442 960 0
443 288 1
443 331 1
443 336 1
443 391 1
443 454 0
443 518 1
443 594 1
443 728 1
443 900 0
443 991 0
444 55 1
444 602 1
444 608 0
444 776 1
444 823 1
444 831 0
444 997 1
445 364 1
445 439 0
445 551 1
445 586 1
445 654 1
445 688 1
445 744 0
445 905 1
445 913 1
446 182 1
446 197 1
446 232 1
446 487 0
446 614 1
446 646 0
446 758 0
446 820 1
446 893 1
447 17 0
447 97 1
447 106 1
447 363 0
447 513 1
447 531 1
447 713 0
447 827 1
447 838 1
447 894 1
448 110 1
448 176 0
448 229 1
448 290 0
448 326 1
448 399 0
448 421 1
448 513 0
448 573 0
448 690 1
448 713 1
448 752 0
448 792 0
448 881 0
448 935 1
448 949 1
449 164 0
449 631 1
449 796 1
449 893 1
449 912 0
449 953 0
449 960 1
449 993 0
450 56 1
450 117 0
450 171 1
450 202 1
450 231 1
450 328 0
450 337 0
450 469 0
450 707 0
450 862 0
450 875 1
451 102 0
451 228 0
451 255 0
451 312 1
451 417 1
451 493 0
451 495 0
451 679 0
451 842 1
451 854 0
451 874 0
452 17 0
452 168 1
452 187 0
452 297 0
452 333 0
452 410 1
452 460 0
452 479 1
452 535 0
452 569 0
452 596 0
452 683 0
452 763 0
452 770 1
452 773 1
453 182 1
453 305 1
453 475 0
453 486 1
453 672 1
453 727 0
453 757 0
453 783 0
453 851 0
453 928 0
453 953 1
454 33 1
454 66 0
454 100 1
454 159 0
454 314 0
454 410 1
454 590 1
454 730 0
454 790 0
454 841 1
455 139 0
455 191 0
455 194 1
455 807 0
456 83 0
456 287 0
456 390 1
456 576 0
456 613 0
456 624 0
456 656 1
456 703 0
456 728 0
456 730 0
456 804 0
456 851 1
456 863 0
456 994 1
457 38 1
457 226 0
457 250 0
457 450 1
457 664 1
457 904 1
457 987 1
458 139 1
458 236 0
458 253 0
458 349 1
458 360 1
458 426 1
458 713 1
458 717 0
458 768 1
458 773 0
458 802 0
458 931 1
458 974 0
459 10 0
459 24 0
459 32 0
459 246 0
459 354 1
459 558 1
459 598 0
459 716 0
459 792 0
459 911 0
460 282 0
460 464 1
460 473 1
460 543 0
460 549 0
460 584 0
460 710 0
460 755 0
460 762 1
460 864 0
460 981 0
461 93 0
461 105 1
461 193 0
461 578 0
461 623 0
461 664 0
461 698 1
461 835 0
461 868 1
461 878 0
461 958 1
461 997 1
462 27 1
462 28 0
462 124 0
462 404 1
462 490 0
462 610 1
462 626 0
462 882 1
463 295 1
463 650 1
463 698 1
463 758 1
463 839 1
463 942 0
463 961 1
464 76 0
464 219 1
464 252 1
464 386 0
464 499 0
464 519 1
464 608 0
464 953 0
465 66 1
465 91 0
465 183 1
465 283 0
465 304 1
465 666 1
465 687 0
465 889 0
466 35 0
466 123 0
466 129 1
466 240 0
466 377 1
466 474 0
466 576 0
466 684 1
466 886 1
466 887 1
466 946 1
467 465 0
467 467 0
467 471 0
467 602 1
467 630 0
467 767 1
467 818 0
467 824 0
467 916 0
467 920 0
468 5 1
468 61 0
468 564 0
468 607 0
468 750 1
468 855 1
469 144 1
469 457 0
469 542 1
469 753 1
469 905 1
469 957 1
470 37 1
470 260 0
470 304 1
470 434 1
470 618 1
470 632 0
470 695 0
470 755 1
470 957 0
471 43 0
471 139 0
471 318 0
471 377 1
471 395 1
471 442 1
471 699 1
471 737 0
472 2 0
472 284 0
472 328 0
472 559 1
472 668 0
472 752 0
472 973 0
472 977 0
473 199 0
473 315 0
473 621 1
473 627 1
473 825 0
474 77 1
474 128 0
474 225 0
474 413 0
474 431 0
474 552 1
474 623 1
474 814 0
474 861 0
474 937 1
475 92 0
475 98 1
475 487 1
475 901 0
476 1 0
476 33 1
476 278 1
476 410 0
476 448 0
476 668 0
476 807 1
476 857 0
476 929 1
477 30 1
477 81 1
477 127 1
477 190 0
477 216 1
477 310 0
477 531 0
477 597 0
477 707 1
477 859 1
477 889 1
477 914 1
477 945 0
477 951 1
477 952 1
478 10 0
478 66 1
478 114 0
478 132 0
478 187 1
478 305 0
478 370 0
478 533 0
478 573 0
478 629 0
478 733 1
478 858 1
478 927 0
479 7 0
479 263 0
479 279 0
479 461 1
479 570 0
479 696 0
480 478 0
480 554 1
480 574 1
480 581 0
480 600 1
480 713 0
480 787 1
481 1 1
481 406 1
481 737 0
481 780 0
481 805 1
481 844 0
481 915 0
482 5 1
482 22 0
482 41 0
482 127 0
482 265 0
482 345 0
482 373 0
482 393 1
482 410 1
482 591 1
482 917 0
482 976 0
483 77 1
483 84 1
483 96 0
483 166 1
483 219 0
483 404 1
483 413 1
483 631 1
483 682 0
483 732 0
484 7 0
484 206 1
484 370 0
484 651 0
484 685 0
484 800 1
484 803 1
484 822 0
484 826 0
484 840 0
484 967 1
485 8 0
485 20 0
485 30 1
485 78 1
485 304 0
485 311 0
485 384 1
485 438 1
485 768 0
485 914 0
486 30 0
486 84 0
486 139 1
486 146 1
486 154 0
486 203 0
486 355 0
486 375 1
486 851 0
486 876 0
486 984 1
487 28 1
487 48 0
487 101 1
487 123 0
487 152 0
487 226 0
487 357 1
487 392 1
487 690 0
487 732 1
487 775 1
487 998 1
488 44 0
488 195 0
488 466 1
488 509 1
488 613 1
488 705 1
488 828 0
488 872 1
488 882 0
488 884 0
489 32 1
489 608 0
489 672 1
489 804 1
489 805 1
489 813 0
489 856 0
489 933 1
490 6 0
490 575 1
490 707 0
490 800 1
491 8 1
491 25 0
491 131 1
491 222 0
491 486 1
491 514 1
491 565 1
491 635 0
492 46 1
492 56 0
492 354 0
492 514 0
492 585 1
492 750 1
492 980 1
493 50 1
493 304 1
493 498 1
493 512 0
494 301 1
494 316 1
494 317 1
494 453 0
494 602 0
494 718 0
494 926 0
495 114 0
495 141 0
495 437 0
495 465 1
495 671 1
495 919 0
496 128 1
496 529 1
496 597 1
496 639 0
496 658 1
496 691 0
496 958 1
496 967 1
496 985 0
497 74 1
497 170 0
497 209 0
497 451 0
497 598 0
497 680 1
497 741 0
497 755 1
497 800 0
498 36 0
498 116 0
498 172 0
498 175 1
498 236 0
498 266 1
498 560 0
498 767 1
498 868 1
498 891 1
499 138 1
499 345 0
499 444 1
499 446 0
499 465 0
499 560 1
499 631 0
499 639 1
499 674 0
499 943 1
500 45 0
500 208 0
500 294 1
500 327 1
500 406 0
500 664 0
500 761 0
500 780 1
500 792 1
501 29 0
501 168 1
501 171 0
501 462 1
501 507 1
501 553 1
501 559 0
501 638 1
501 660 0
501 684 1
501 806 1
502 14 0
502 95 1
502 164 1
502 233 1
502 697 0
502 707 1
502 729 1
502 732 1
502 785 0
503 15 1
503 20 1
503 21 1
503 442 1
503 499 0
503 599 0
503 613 0
503 623 1
503 648 0
503 742 1
503 802 1
503 927 0
503 928 1
503 947 1
504 27 0
504 45 0
504 50 0
504 152 0
504 157 1
504 182 0
504 301 0
504 340 0
504 479 1
504 486 1
504 490 1
504 571 0
504 616 0
504 875 0
505 48 1
505 258 0
505 300 1
505 335 0
505 601 1
505 602 0
505 839 0
505 907 1
506 24 1
506 73 1
506 164 1
506 236 1
506 247 1
506 254 0
506 588 0
506 782 0
506 823 0
507 118 1
507 291 1
507 326 1
507 591 0
507 700 0
507 948 1
507 964 0
507 995 0
508 514 0
508 677 0
508 966 1
508 992 1
509 228 0
509 403 1
509 453 1
509 481 1
509 527 0
509 570 0
509 653 0
509 787 1
509 883 0
509 885 1
509 902 0
509 918 1
510 6 1
510 160 1
510 195 1
510 302 1
510 447 1
510 599 1
510 661 1
510 669 1
510 714 1
510 804 0
510 853 1
510 876 1
510 904 0
510 985 0
510 986 1
510 996 0
511 183 0
511 206 0
511 370 0
511 427 1
511 544 1
511 577 0
511 629 1
511 769 1
511 803 1
511 964 1
511 983 1
512 188 1
512 254 1
512 269 1
512 280 1
512 356 1
512 441 1
512 524 0
512 528 1
512 886 0
513 114 1
513 270 1
513 435 1
513 473 0
513 536 1
513 612 1
513 675 0
513 819 1
513 872 1
514 33 0
514 181 0
514 247 0
514 251 1
514 259 0
514 273 1
514 313 0
514 578 0
514 872 1
515 191 0
515 303 0
515 414 1
515 418 0
515 506 0
515 509 0
515 510 0
515 522 0
515 529 0
515 536 1
515 690 1
515 738 1
515 851 0
516 46 0
516 245 1
516 303 0
516 348 0
516 355 0
516 371 0
516 591 0
516 596 0
516 940 1
516 942 0
516 949 0
516 967 1
517 242 0
517 244 0
517 406 0
518 32 0
518 140 0
518 339 0
518 372 0
518 394 0
518 472 0
518 752 1
518 757 0
518 786 1
519 87 0
519 230 1
519 266 0
519 314 1
519 407 0
519 476 0
519 480 1
519 584 0
519 598 0
519 602 0
519 673 1
519 680 1
519 953 0
520 52 0
520 259 0
520 336 1
520 413 1
520 415 0
520 441 1
520 569 0
520 749 0
520 763 0
520 890 1
521 177 1
521 188 1
521 229 1
521 261 0
521 340 0
521 389 1
521 453 0
521 804 0
521 976 0
522 33 1
522 80 1
522 264 0
522 460 0
522 721 0
523 176 0
523 253 1
523 387 1
523 442 1
523 660 1
523 762 1
523 795 0
523 885 0
523 910 0
523 992 0
524 107 1
524 221 1
524 230 0
524 237 0
524 266 1
524 314 1
524 351 1
524 398 0
524 456 1
524 542 1
524 551 0
524 655 0
524 728 0
524 847 0
525 348 0
525 357 0
525 425 0
525 583 1
525 672 1
525 680 1
525 831 1
525 986 1
526 146 1
526 267 1
526 318 0
526 332 1
526 378 1
526 577 0
526 697 0
526 699 0
526 841 0
526 873 1
526 998 0
527 39 0
527 70 0
527 225 0
527 351 0
527 448 0
527 500 0
527 543 1
527 578 1
527 583 1
527 601 1
527 620 1
527 685 1
527 709 1
527 789 1
527 800 1
527 824 0
527 842 1
528 31 0
528 85 0
528 104 0
528 105 0
528 149 1
528 380 1
528 526 1
528 678 0
528 750 1
528 947 0
529 161 1
529 230 0
529 360 0
529 495 0
529 551 1
529 712 0
529 808 1
529 924 1
530 14 1
530 36 1
530 272 1
530 380 0
530 397 1
530 473 1
530 496 0
530 800 1
530 904 1
530 979 1
531 354 0
531 365 0
531 480 0
531 553 0
531 610 1
531 751 0
531 891 1
531 997 1
532 63 1
532 173 0
532 259 1
532 309 0
532 313 1
532 380 0
532 444 0
532 482 0
532 634 1
532 768 1
532 871 0
532 938 0
532 976 0
532 995 1
533 151 1
533 277 0
533 285 1
533 380 0
533 548 0
533 714 1
533 919 1
533 923 1
534 6 1
534 42 0
534 202 1
534 206 1
534 337 1
534 391 0
534 494 0
534 555 1
534 565 0
534 606 1
534 770 1
534 814 1
534 926 0
535 3 0
535 19 0
535 152 1
535 158 1
535 180 1
535 206 0
535 242 0
535 294 0
535 321 0
535 651 0
535 724 1
535 796 0
535 929 0
535 943 0
536 233 1
536 341 0
536 394 1
536 434 0
536 510 1
536 929 1
537 21 0
537 325 1
537 355 1
537 433 1
537 525 1
537 631 0
537 686 1
537 803 0
537 894 0
537 915 0
538 80 0
538 180 1
538 358 1
538 525 1
538 591 0
538 865 1
538 870 0
538 937 1
539 81 0
539 163 0
539 200 0
539 201 0
539 409 0
539 490 1
539 638 1
539 842 0
539 916 1
540 73 1
540 425 1
540 472 0
540 541 1
540 554 0
540 571 0
540 643 1
540 725 0
540 801 0
540 953 1
540 992 1
541 187 1
541 294 1
541 304 0
541 415 0
541 484 0
541 644 0
541 766 0
541 771 1
541 803 0
542 4 0
542 181 1
542 225 0
542 378 0
542 418 0
542 525 1
542 807 1
542 875 0
542 992 1
543 22 1
543 105 1
543 176 0
543 190 1
543 583 0
543 597 1
543 632 1
543 681 0
543 723 0
543 822 0
543 888 1
543 997 0
544 206 1
544 494 1
544 497 0
544 527 1
544 718 0
544 753 0
544 761 0
544 772 1
544 865 0
544 954 1
545 19 1
545 262 1
545 269 0
545 330 0
545 473 0
545 475 0
545 641 1
545 683 0
545 728 0
546 223 0
546 240 1
546 241 0
546 323 1
546 468 0
546 499 1
546 668 1
546 670 0
546 887 0
546 943 0
546 980 1
547 148 1
547 205 1
547 217 0
547 340 1
547 560 0
547 632 0
547 640 0
547 656 1
547 765 0
547 841 0
547 950 0
547 972 0
547 984 1
548 7 0
548 182 1
548 355 1
548 377 1
548 380 0
548 392 1
548 427 1
548 436 1
548 481 0
548 541 1
548 692 1
548 765 1
548 895 0
548 913 1
548 958 0
548 986 0
549 30 0
549 47 1
549 191 1
549 253 0
549 611 1
549 729 1
549 794 0
549 879 0
550 53 0
550 107 0
550 128 0
550 132 1
550 206 1
550 314 1
550 417 1
550 598 1
550 718 0
550 743 1
550 882 0
551 51 0
551 91 0
551 93 1
551 126 1
551 132 1
551 163 1
551 183 0
551 214 0
551 322 0
551 324 1
551 630 0
551 669 1
551 996 1
551 997 1
552 98 1
552 169 1
552 209 1
552 293 0
552 402 1
552 521 1
552 527 1
552 713 1
552 726 1
552 848 0
553 132 0
553 410 1
553 611 0
553 646 0
553 670 0
553 706 1
553 734 1
553 778 0
553 785 1
553 874 1
553 985 1
554 8 0
554 113 1
554 178 1
554 204 0
554 538 1
554 541 0
554 559 1
554 600 0
554 627 1
554 634 0
554 683 1
554 686 0
554 765 0
554 768 0
554 885 0
554 941 1
554 966 1
555 85 1
555 360 1
555 399 1
555 447 0
555 450 1
555 509 0
555 934 0
555 995 0
556 291 0
556 387 0
556 431 1
556 481 0
556 543 0
556 619 0
556 845 0
556 917 0
556 926 0
557 178 1
557 275 1
557 330 1
557 354 1
557 790 1
557 796 0
557 843 1
557 949 0
558 73 0
558 107 1
558 152 0
558 429 0
558 612 0
558 747 0
558 778 0
558 807 0
558 860 1
558 872 0
559 39 1
559 184 1
559 187 1
559 266 1
559 351 1
559 680 0
559 692 0
559 741 1
559 758 1
559 785 0
559 888 1
559 889 0
559 912 0
560 69 0
560 222 1
560 406 0
560 784 1
560 786 1
560 814 1
560 825 0
560 933 0
561 32 1
561 97 0
561 185 0
561 195 0
561 250 0
561 286 0
561 334 1
561 424 0
561 509 1
561 538 1
561 556 1
561 619 1
561 799 0
561 847 0
561 884 1
561 982 0
562 9 1
562 57 0
562 77 1
562 112 1
562 312 1
562 381 1
562 497 1
562 508 1
562 536 1
562 661 0
562 928 1
562 993 0
563 140 1
563 177 0
563 224 0
563 422 0
563 424 0
563 617 1
563 762 0
563 775 1
563 869 0
563 903 0
563 957 1
564 265 0
564 342 0
564 387 1
564 394 0
564 416 1
564 521 1
564 561 0
564 699 0
564 794 1
565 46 1
565 81 1
565 131 1
565 395 1
565 439 1
565 582 0
565 911 0
566 40 1
566 145 0
566 203 0
566 205 0
566 269 1
566 309 0
566 393 1
566 394 1
566 418 1
566 614 0
566 636 0
566 691 1
566 808 0
566 838 1
567 123 0
567 139 0
567 150 0
567 207 1
567 304 1
567 358 0
567 425 1
567 452 1
567 461 1
567 775 1
567 806 1
567 838 1
568 167 1
568 456 0
568 569 1
568 582 0
568 612 0
568 624 1
568 798 0
568 992 1
569 184 0
569 210 0
569 297 0
569 368 1
569 375 1
569 464 1
569 483 0
569 496 1
569 529 0
569 587 1
569 646 0
569 688 0
570 434 0
570 790 0
570 869 1
570 890 0
570 950 1
571 57 1
571 306 1
571 414 0
571 518 1
571 544 1
571 628 1
571 686 0
571 929 1
572 72 1
572 75 0
572 105 1
572 207 1
572 212 0
572 219 1
572 439 0
572 488 0
572 517 1
572 563 1
572 651 1
573 27 1
573 111 1
573 119 1
573 137 1
573 157 1
573 161 1
573 179 0
573 274 1
573 602 0
573 738 0
573 777 0
573 916 0
573 948 1
573 959 1
573 980 0
574 109 1
574 274 1
574 507 0
574 665 1
574 675 0
574 746 1
575 85 0
575 226 0
575 390 0
575 786 0
575 936 0
575 939 0
576 3 1
576 131 1
576 232 1
576 276 1
576 368 0
576 485 1
576 507 1
576 595 1
576 597 1
576 668 0
576 898 1
576 965 1
576 992 1
577 53 0
577 91 0
577 179 0
577 213 1
577 263 1
577 305 1
577 464 1
577 518 0
577 552 1
577 574 0
577 607 0
577 638 1
577 665 1
577 888 1
577 899 0
577 926 0
578 30 1
578 49 1
578 127 0
578 131 1
578 352 1
578 518 1
578 572 0
578 658 0
578 760 0
578 837 1
579 70 1
579 75 1
579 495 1
579 516 0
579 730 1
579 938 1
579 966 1
580 53 0
580 144 0
580 245 0
580 266 1
580 364 1
580 406 0
580 418 0
580 647 0
580 804 1
580 849 0
580 919 0
580 935 1
580 972 1
581 26 1
581 37 0
581 61 1
581 95 0
581 109 1
581 118 0
581 238 1
581 401 1
581 469 1
581 483 1
581 498 1
581 615 0
581 714 0
581 834 1
581 879 0
581 881 0
581 953 1
581 983 1
581 987 1
582 221 1
582 250 0
582 308 0
582 370 1
582 568 1
582 839 1
582 904 0
583 16 0
583 190 0
583 226 0
583 620 0
583 656 1
583 662 0
583 663 0
583 762 1
583 847 0
583 853 1
583 952 1
584 56 1
584 103 1
584 152 0
584 223 1
584 247 0
584 360 0
584 435 0
584 973 1
585 120 1
585 124 1
585 173 1
585 600 0
585 827 0
585 852 0
585 859 1
586 243 1
586 270 0
586 348 0
586 497 0
586 685 1
586 719 1
586 749 0
586 881 0
586 883 0
586 936 0
587 80 1
587 95 0
587 766 0
587 839 1
587 950 1
587 998 0
588 35 1
588 38 1
588 41 0
588 49 0
588 51 1
588 188 0
588 261 0
588 374 1
588 601 0
588 620 0
588 666 0
588 755 0
588 812 1
588 872 1
588 917 0
589 342 1
589 363 1
589 374 0
589 591 0
589 595 1
589 759 0
589 776 1
589 867 0
589 980 1
590 28 1
590 408 0
590 412 1
590 441 0
590 464 1
590 471 0
590 514 0
590 516 0
590 520 0
590 795 0
590 919 0
591 55 1
591 195 0
591 207 0
591 257 1
591 277 0
591 344 0
591 533 0
591 564 1
591 702 1
591 996 1
592 41 0
592 73 1
592 277 1
592 324 0
592 346 0
592 415 1
592 574 1
592 702 1
592 929 0
593 2 0
593 29 1
593 96 0
593 344 1
593 429 1
593 451 0
593 506 0
593 639 0
593 696 1
593 777 1
593 802 0
593 815 1
593 817 1
593 842 0
593 881 0
593 900 0
593 929 1
593 955 0
593 997 1
594 285 0
594 287 1
594 306 0
594 325 1
594 450 1
594 465 1
594 508 1
594 570 1
594 680 0
594 716 1
594 766 1
595 40 1
595 192 0
595 421 0
595 453 0
595 598 0
595 602 0
595 646 1
595 690 1
596 65 1
596 230 1
596 366 1
596 585 0
596 727 1
596 789 1
596 802 1
596 827 1
596 859 0
596 880 0
596 961 0
596 978 1
597 44 0
597 46 1
597 88 0
597 268 0
597 330 0
597 338 1
597 882 0
597 951 0
598 17 1
598 142 0
598 203 0
598 392 0
598 504 1
598 583 1
598 814 0
599 142 0
599 154 0
599 530 1
599 645 0
599 700 1
599 722 0
599 967 1
600 386 1
600 748 1
600 762 0
600 803 0
600 812 0
600 827 1
600 901 0
601 62 1
601 204 1
601 338 1
601 360 1
601 396 0
601 536 1
601 915 1
601 929 1
602 83 1
602 297 0
602 413 0
602 543 1
602 604 0
602 735 0
602 801 1
602 826 0
602 942 1
602 950 1
602 995 0
603 33 0
603 144 1
603 165 0
603 193 0
603 383 0
603 408 1
603 453 1
603 590 0
603 751 1
604 311 1
604 330 0
604 619 0
604 676 1
604 688 0
604 699 0
604 747 0
604 867 1
604 961 1
605 31 1
605 47 1
605 265 1
605 290 1
605 344 1
605 466 1
605 495 0
605 634 0
605 786 1
605 847 1
605 900 1
605 992 1
606 7 1
606 55 1
606 121 1
606 194 0
606 213 1
606 271 1
606 701 0
606 804 0
606 820 0
606 897 0
607 52 1
607 70 1
607 387 1
607 513 0
607 520 1
607 545 0
607 754 0
607 849 0
607 945 1
607 987 0
608 304 0
608 524 1
608 569 0
608 714 0
608 738 0
608 744 0
609 47 0
609 89 0
609 219 0
609 253 1
609 268 1
609 280 0
609 316 0
609 474 1
609 512 0
609 536 1
609 679 1
609 739 0
609 742 0
610 13 1
610 414 0
610 433 1
610 660 1
610 992 0
611 285 0
611 297 0
611 336 1
611 390 1
611 415 0
611 520 0
611 633 1
611 951 1
612 112 0
612 126 1
612 407 1
612 411 1
612 746 1
612 771 1
612 886 1
612 921 0
613 18 1
613 50 1
613 107 0
613 110 1
613 301 1
613 422 0
613 566 0
613 579 1
613 806 0
613 811 1
613 819 0
614 5 0
614 256 1
614 355 1
614 561 0
614 570 1
614 675 1
614 784 0
614 810 0
615 16 1
615 418 0
615 555 1
615 753 0
615 870 0
615 879 0
615 900 0
616 85 1
616 186 1
616 221 1
616 497 0
616 536 0
616 583 1
616 672 0
616 770 1
616 842 1
617 61 0
617 216 0
617 346 1
617 363 1
617 406 0
617 417 0
617 513 1
617 540 1
617 544 0
617 634 1
617 655 0
617 725 1
617 931 1
618 149 0
618 259 0
618 314 0
618 380 0
618 535 0
618 629 1
618 759 0
619 66 1
619 136 1
619 167 0
619 529 1
619 577 0
619 586 1
619 603 0
619 611 1
619 671 0
619 700 1
619 719 1
619 789 1
619 886 1
619 935 0
619 951 0
619 955 1
620 6 1
620 57 1
620 75 1
620 107 1
620 119 1
620 175 0
620 212 1
620 341 0
620 806 0
620 898 1
620 904 1
621 95 1
621 172 0
621 176 0
621 191 0
621 217 0
621 260 1
621 319 1
621 389 1
621 401 0
621 506 0
621 733 0
621 743 0
621 941 1
622 230 0
622 250 0
622 266 0
622 528 1
622 715 1
622 964 0
622 981 1
623 257 0
623 353 0
623 512 0
623 622 0
623 638 1
623 713 0
623 715 0
623 912 1
623 948 0
624 255 0
624 507 0
624 540 0
624 600 0
624 786 1
624 864 0
624 952 0
625 295 0
625 311 1
625 315 1
625 328 0
625 337 1
625 343 0
625 403 1
625 668 0
625 869 1
626 25 1
626 215 1
626 262 1
626 380 0
626 443 1
626 691 0
626 811 1
626 831 0
627 211 0
627 258 1
627 458 1
627 545 1
627 752 0
627 835 1
627 852 0
627 865 1
627 971 0
628 149 1
628 182 0
628 221 1
628 615 1
628 716 0
628 752 0
628 879 1
629 68 0
629 111 1
629 246 1
629 353 1
629 376 1
629 453 0
629 463 0
629 513 1
629 517 1
629 660 0
629 663 0
629 750 1
629 822 0
630 93 1
630 210 0
630 271 0
630 284 0
630 310 0
630 668 1
630 703 1
631 6 1
631 9 1
631 12 0
631 30 0
631 58 1
631 90 0
631 106 1
631 206 1
631 215 0
631 382 0
631 446 1
631 594 0
631 781 0
632 97 1
632 155 0
632 258 0
632 271 0
632 385 0
632 502 0
632 601 1
632 608 1
632 808 1
632 868 1
633 43 1
633 285 1
633 296 1
633 364 0
633 480 0
633 598 0
633 662 1
633 666 1
633 790 0
633 814 0
633 834 0
633 849 0
633 997 1
634 70 0
634 616 1
634 688 1
634 737 1
634 764 0
634 843 1
634 894 1
635 94 0
635 109 1
635 370 1
635 451 0
635 578 1
635 716 1
635 724 0
635 771 0
635 846 0
635 884 0
635 953 0
636 37 0
636 234 1
636 474 0
636 541 1
636 564 0
636 653 1
636 656 1
636 675 0
636 782 0
636 786 1
636 842 1
637 264 1
637 295 0
637 349 1
637 397 1
637 464 1
637 502 0
637 578 0
637 712 0
637 718 1
637 786 0
637 798 0
637 807 0
637 898 1
638 8 0
638 70 1
638 71 1
638 73 0
638 268 0
638 274 0
638 377 0
638 429 0
638 575 0
638 583 1
638 586 1
638 614 1
638 846 1
638 915 1
639 60 0
639 111 1
639 165 1
639 330 0
639 377 1
639 429 0
639 571 0
639 618 1
639 817 0
640 619 0
640 737 0
640 766 1
640 768 1
640 847 0
640 909 0
640 922 0
640 969 0
641 299 1
641 460 0
641 525 1
641 704 1
641 728 1
641 761 0
641 772 0
641 806 0
642 32 1
642 61 1
642 65 0
642 319 1
642 365 0
642 494 1
642 702 0
642 842 1
642 844 0
642 879 0
642 884 1
643 115 1
643 169 1
643 220 1
643 282 0
643 336 1
643 368 1
643 439 0
643 567 1
643 788 0
643 789 0
643 790 0
643 856 1
643 954 0
644 315 1
644 376 0
644 636 0
644 775 1
645 31 1
645 220 0
645 454 1
645 559 1
646 49 0
646 71 1
646 77 0
646 274 1
646 450 1
646 499 0
646 744 1
646 937 1
647 72 1
647 160 1
647 358 1
647 450 1
647 499 0
647 553 1
647 582 1
647 665 0
647 725 1
647 790 0
647 934 1
647 997 1
648 45 1
648 289 0
648 379 1
648 427 1
648 447 1
648 474 0
648 527 1
648 642 1
648 687 0
648 777 0
648 797 1
649 286 1
649 534 0
649 560 1
649 600 1
649 723 1
650 4 1
650 78 0
650 117 1
650 451 1
650 476 1
650 902 0
650 920 0
651 8 0
651 76 1
651 332 0
651 476 0
651 548 1
651 655 1
651 780 0
651 925 0
651 932 0
651 999 1
652 266 0
652 293 1
652 357 1
652 389 0
652 699 0
652 982 1
653 73 0
653 141 1
653 568 0
653 597 0
653 872 1
653 891 0
654 30 0
654 376 0
654 481 0
654 564 1
654 616 0
654 630 0
654 645 1
654 718 0
654 726 0
654 796 1
654 843 1
654 916 1
655 111 1
655 619 0
655 672 0
655 689 0
655 852 0
655 871 0
655 890 0
655 933 0
655 965 1
655 988 1
656 159 0
656 162 0
656 205 1
656 225 1
656 313 1
656 403 0
656 450 1
656 610 0
656 638 0
656 645 1
656 693 0
656 926 0
656 954 0
656 958 1
656 981 0
657 34 0
657 76 0
657 186 1
657 252 0
657 452 1
657 507 0
657 540 1
657 544 1
657 580 0
657 596 1
657 728 0
657 792 1
658 257 0
658 284 0
658 565 0
658 698 1
658 830 0
658 895 1
658 979 1
659 30 0
659 35 0
659 46 1
659 248 0
659 567 0
659 603 1
659 684 0
659 911 1
660 5 1
660 12 1
660 128 0
660 227 0
660 287 0
660 303 0
660 423 0
660 883 1
661 245 1
661 250 1
661 522 0
661 585 1
661 623 0
661 747 1
661 808 0
661 905 0
662 19 1
662 207 1
662 346 0
662 438 0
662 502 1
662 598 1
662 615 1
662 697 1
662 759 1
662 761 0
662 809 0
662 860 1
662 880 1
663 50 0
663 68 0
663 69 1
663 76 0
663 97 0
663 460 1
663 501 0
663 609 1
663 705 0
663 763 0
663 780 0
664 70 0
664 303 0
664 380 1
664 451 0
664 455 0
664 456 0
664 494 0
664 638 1
664 843 0
664 863 0
664 881 1
665 95 0
665 301 0
665 519 0
665 586 0
665 645 0
665 659 0
665 801 0
666 38 0
666 264 0
666 469 0
666 543 0
666 569 1
666 570 1
666 650 1
666 735 1
666 764 1
666 806 0
666 871 1
666 923 1
666 978 1
667 24 0
667 45 0
667 214 1
667 231 0
667 302 0
667 687 1
667 835 0
667 836 0
667 943 1
668 62 1
668 137 0
668 327 0
668 549 0
668 626 1
668 671 1
668 715 1
669 53 0
669 340 0
669 361 1
669 438 1
669 572 1
669 859 0
670 4 1
670 51 1
670 75 0
670 108 0
670 337 1
670 424 1
670 559 0
670 639 1
670 644 0
670 696 1
670 747 0
670 950 0
670 964 1
671 72 0
671 178 1
671 220 1
671 287 0
671 327 1
671 330 1
671 377 1
671 392 0
671 440 1
671 442 0
671 641 0
671 809 1
671 876 1
672 16 1
672 95 1
672 153 0
672 233 1
672 287 0
672 370 1
672 428 0
672 509 0
672 518 0
672 564 1
672 623 0
672 662 0
672 706 1
672 707 1
672 729 0
672 851 0
673 174 1
673 186 1
673 393 0
673 445 1
673 470 1
673 474 1
673 505 1
673 507 1
673 640 1
673 760 0
673 868 1
673 942 1
674 192 0
674 354 1
674 364 0
674 398 0
674 483 0
674 484 1
674 551 0
674 659 0
674 779 1
674 818 1
674 858 1
674 931 1
675 18 0
675 49 1
675 241 1
675 484 1
675 652 0
675 762 1
675 826 0
676 11 1
676 156 1
676 269 0
676 440 1
676 474 0
676 742 0
677 12 0
677 38 0
677 221 0
677 269 1
677 330 0
677 505 1
677 524 1
677 663 0
677 699 0
677 805 1
677 994 0
678 256 1
678 271 1
678 447 0
678 532 0
678 564 0
678 572 0
678 902 0
678 934 1
678 946 1
679 112 0
679 446 1
679 559 0
679 762 1
679 772 0
679 824 1
679 849 0
679 870 1
680 41 1
680 177 1
680 183 0
680 222 0
680 368 0
680 441 1
680 596 1
680 848 1
680 850 0
680 889 1
681 57 1
681 61 0
681 65 1
681 241 1
681 291 0
681 311 1
681 377 1
681 448 1
681 502 1
681 548 0
681 563 1
681 609 1
681 664 1
681 796 1
681 812 0
681 853 1
682 51 1
682 731 1
682 790 0
682 792 0
683 112 1
683 136 1
683 252 0
683 382 1
683 423 1
683 473 1
683 494 1
683 743 1
683 961 1
684 46 0
684 363 0
684 558 1
684 680 0
684 728 1
684 867 0
684 873 1
684 882 1
684 929 0
684 934 1
685 29 1
685 116 1
685 175 0
685 237 1
685 306 1
685 331 0
685 393 1
685 539 1
685 628 0
685 667 1
685 697 0
685 889 0
685 937 1
685 947 0
685 977 1
686 96 0
686 202 0
686 310 1
686 324 0
686 367 1
686 409 1
686 415 1
686 539 0
686 749 0
686 961 1
687 9 1
687 121 1
687 210 1
687 222 0
687 228 0
687 411 1
687 458 0
687 615 1
687 621 1
687 691 0
687 789 0
687 893 0
687 901 0
687 908 1
688 26 1
688 83 0
688 111 1
688 437 1
688 471 0
688 702 1
688 741 0
688 829 1
689 87 1
689 91 1
689 152 0
689 191 1
689 249 1
689 277 0
689 327 1
689 339 0
689 428 0
689 471 0
689 678 0
689 711 1
689 914 1
689 933 1
689 951 0
690 197 0
690 257 1
690 332 0
690 359 0
690 457 1
690 986 0
691 162 1
691 234 1
691 419 0
691 431 1
691 517 0
691 647 1
691 726 0
691 802 0
692 83 1
692 232 0
692 313 1
692 383 1
692 424 1
692 425 0
692 533 1
692 682 0
692 697 1
692 701 1
692 769 0
692 948 1
692 994 1
693 211 0
693 252 1
693 489 1
693 492 1
693 685 1
693 857 0
694 55 0
694 97 1
694 140 1
694 231 1
694 682 1
694 800 0
694 926 0
695 23 0
695 244 0
695 278 0
695 410 0
695 462 0
695 688 1
695 774 0
695 845 0
696 69 1
696 75 1
696 112 0
696 152 1
696 167 1
696 231 0
696 491 1
696 517 1
696 568 1
696 773 0
696 881 0
696 970 1
697 12 0
697 165 1
697 176 1
697 398 1
697 497 1
697 559 1
697 661 1
697 757 0
697 773 0
698 17 0
698 194 0
698 196 0
698 392 0
698 396 1
698 573 0
698 865 1
699 0 0
699 26 1
699 85 1
699 345 0
699 377 1
699 673 1
699 687 1
699 771 1
699 874 0
700 118 1
700 185 1
700 203 0
700 211 1
700 236 1
700 488 1
700 635 0
700 680 0
700 858 1
700 867 1
700 917 1
700 961 0
701 152 0
701 154 1
701 237 1
701 261 0
701 299 0
701 310 0
701 456 1
701 491 1
701 525 0
701 558 1
701 642 0
701 756 1
701 968 0
702 33 1
702 44 0
702 113 0
702 301 0
702 330 0
702 451 0
702 474 1
702 682 1
702 733 0
702 786 1
702 837 0
702 927 0
703 235 1
703 268 0
703 351 0
703 375 0
703 403 0
703 488 0
704 5 1
704 50 1
704 125 0
704 312 1
704 350 1
704 643 1
704 700 1
704 794 0
704 839 0
704 902 1
704 966 0
705 183 0
705 202 0
705 238 1
705 267 1
705 616 1
705 727 0
705 761 0
705 841 1
705 856 0
706 133 0
706 256 1
706 647 0
706 738 1
706 910 1
706 935 1
707 150 0
707 206 1
707 230 0
707 257 0
707 364 1
707 661 0
707 678 1
707 714 1
707 718 1
707 739 1
707 800 0
707 995 1
708 102 0
708 174 0
708 184 0
708 275 1
708 305 0
708 909 0
708 931 1
709 146 0
709 184 1
709 193 1
709 238 0
709 268 1
709 397 1
709 486 1
709 504 0
709 531 1
709 543 0
709 649 1
709 716 1
709 778 1
710 21 1
710 76 0
710 226 1
710 364 1
710 514 1
710 675 0
710 692 0
710 832 1
710 873 1
710 894 0
710 929 1
711 70 0
711 183 0
711 213 1
711 518 1
711 523 0
711 631 0
711 848 0
711 944 1
711 999 1
712 0 0
712 128 0
712 131 1
712 364 0
712 502 1
712 902 1
713 15 0
713 102 1
713 130 0
713 195 1
713 607 0
713 653 1
713 675 1
713 677 1
713 707 1
713 919 0
713 985 1
714 169 1
714 254 0
714 274 1
714 349 0
714 383 0
714 432 1
714 444 1
714 463 0
714 466 0
714 664 0
714 700 0
714 711 0
714 827 1
714 893 0
714 945 1
714 955 0
715 78 1
715 143 1
715 153 1
715 290 1
715 320 0
715 390 0
715 405 0
715 598 0
715 680 1
715 770 1
715 791 0
715 881 1
715 948 1
715 953 1
716 58 1
716 72 0
716 228 1
716 266 1
716 287 1
716 440 1
716 557 1
716 592 1
716 594 0
716 716 0
716 723 1
716 783 0
716 959 0
717 118 0
717 126 1
717 250 1
717 279 0
717 343 0
717 693 1
717 723 0
717 724 0
717 744 1
717 939 1
718 17 1
718 69 1
718 88 1
718 103 1
718 170 0
718 198 1
718 271 0
718 299 1
718 541 1
718 622 0
718 756 1
718 871 1
719 94 1
719 118 0
719 152 1
719 196 1
719 295 1
719 546 1
719 561 1
719 633 1
719 928 1
720 5 0
720 72 1
720 154 1
720 178 0
720 188 1
720 232 0
720 430 0
720 474 1
720 551 0
720 573 0
720 720 1
720 768 1
720 791 0
720 832 0
720 895 1
721 37 1
721 166 1
721 232 1
721 358 1
721 411 1
721 452 0
721 481 0
721 520 0
721 561 1
721 604 0
721 698 1
721 758 0
721 868 1
721 990 1
722 230 1
722 324 1
722 406 0
722 568 1
722 622 1
722 689 0
722 759 0
722 786 0
722 874 1
722 981 0
723 83 1
723 107 0
723 307 0
723 424 1
723 594 0
723 903 1
724 245 1
724 297 0
724 633 0
724 726 1
724 727 1
724 848 0
724 931 1
724 976 1
724 989 0
725 149 0
725 328 0
725 341 1
725 441 0
725 453 0
725 516 1
725 579 0
725 599 0
725 622 1
725 787 1
725 882 1
725 977 1
726 167 0
726 181 0
726 211 1
726 219 0
726 450 0
726 745 0
726 796 1
726 848 0
727 102 1
727 157 0
727 185 1
727 213 1
727 234 1
727 274 1
727 408 0
727 547 1
727 575 1
727 911 1
727 916 0
728 117 0
728 188 0
728 416 0
728 468 0
728 636 1
728 826 1
729 36 1
729 48 1
729 117 1
729 196 0
729 281 0
729 349 0
729 564 0
729 582 0
729 736 0
729 785 1
729 882 1
729 898 0
729 943 1
729 949 0
729 987 0
730 4 1
730 39 1
730 313 0
730 422 0
730 795 0
730 810 0
730 833 1
730 867 1
730 877 0
730 917 1
731 46 1
731 96 1
731 208 1
731 300 0
731 614 1
731 737 1
731 750 1
731 818 1
731 832 0
731 886 1
731 906 1
731 952 0
732 35 1
732 244 0
732 284 0
732 331 1
732 360 0
732 709 1
732 853 0
733 16 0
733 237 0
733 255 0
733 289 0
733 396 0
733 412 0
733 849 1
733 886 1
733 903 1
733 962 0
734 45 0
734 89 0
734 206 1
734 528 0
734 548 0
734 698 1
734 814 0
734 901 0
734 904 0
734 994 0
735 87 1
735 224 1
735 302 0
735 551 0
735 652 1
735 658 0
735 708 1
735 715 1
735 765 1
735 965 1
736 152 0
736 360 0
736 429 1
736 517 0
736 608 1
736 609 1
736 688 1
736 788 1
736 819 0
736 855 0
736 871 0
736 914 1
736 929 0
736 943 0
737 34 0
737 69 0
737 136 0
737 439 0
737 628 0
737 632 0
737 786 1
737 977 1
738 70 0
738 205 1
738 345 0
738 361 1
738 516 0
738 606 0
738 697 0
738 756 0
738 758 1
738 905 0
738 938 1
739 13 1
739 15 0
739 93 1
739 105 0
739 283 0
739 356 1
739 359 0
739 365 0
739 384 0
739 409 0
739 561 1
739 574 1
739 860 0
740 40 0
740 101 1
740 423 0
740 500 1
740 509 0
740 597 0
740 704 1
740 744 1
740 762 0
740 813 0
740 823 0
741 149 0
741 293 1
741 538 1
741 824 1
742 99 0
742 141 1
742 303 1
742 372 0
742 591 0
742 651 1
742 922 0
743 2 1
743 61 0
743 140 1
743 148 0
743 196 0
743 312 1
743 320 1
743 354 0
743 415 0
743 508 0
743 670 1
743 882 1
743 917 1
743 920 1
744 58 0
744 166 0
744 170 1
744 200 1
744 400 1
744 509 1
744 943 0
745 247 1
745 378 1
745 461 1
745 865 1
745 999 1
746 32 0
746 94 1
746 120 0
746 123 1
746 233 0
746 276 1
746 313 0
746 677 0
746 896 1
746 924 1
747 163 0
747 282 1
747 368 0
747 395 0
747 454 0
747 579 1
747 648 1
747 765 1
747 943 0
748 47 1
748 87 0
748 138 0
748 286 0
748 354 1
748 445 1
748 479 0
748 527 1
748 574 0
748 579 0
748 772 1
748 791 1
748 820 1
749 33 1
749 199 0
749 288 0
749 318 0
749 455 0
749 470 0
749 744 0
749 895 0
750 201 1
750 268 1
750 333 1
750 340 1
750 665 0
750 713 0
750 945 1
750 951 0
751 99 0
751 113 1
751 123 1
751 178 1
751 212 1
751 318 0
751 352 1
751 410 1
751 452 0
751 709 1
751 780 0
751 831 1
751 865 0
752 62 1
752 93 1
752 152 0
752 319 1
752 360 0
752 566 0
752 621 1
752 667 1
752 795 1
752 810 1
752 854 1
752 867 1
752 881 0
752 977 1
753 42 0
753 256 1
753 287 0
753 335 0
753 676 0
753 726 0
753 767 1
754 68 1
754 209 0
754 235 1
754 263 0
754 487 1
754 532 0
754 535 0
754 572 1
754 674 0
754 929 0
754 952 1
755 466 1
755 510 1
755 647 0
755 919 1
755 921 0
756 14 0
756 19 1
756 122 0
756 163 1
756 302 0
756 392 0
756 420 1
756 454 1
756 574 1
756 884 0
756 923 1
757 213 1
757 404 1
757 434 0
757 587 1
757 633 0
757 674 1
757 816 1
757 961 1
757 967 1
757 974 1
758 45 1
758 67 1
758 162 0
758 256 0
758 360 1
758 532 1
758 595 0
758 663 1
758 827 1
758 906 1
759 43 0
759 74 1
759 183 0
759 201 0
759 348 1
759 572 0
759 607 1
759 666 0
759 700 0
759 762 1
759 817 0
759 919 1
759 924 1
759 993 0
760 29 0
760 30 1
760 48 1
760 106 0
760 240 0
760 263 0
760 634 0
760 635 0
760 757 1
760 879 0
760 897 0
760 971 1
761 6 0
761 23 1
761 93 0
761 268 1
761 283 0
761 331 0
761 339 0
761 391 1
761 440 0
761 506 1
761 533 0
761 550 0
761 709 1
761 862 0
761 929 1
762 17 0
762 167 1
762 191 0
762 265 0
762 379 0
762 638 0
762 643 1
762 649 0
762 972 1
763 92 0
763 147 0
763 362 1
763 648 0
763 705 0
763 817 1
763 822 0
764 33 0
764 94 1
764 397 1
764 587 1
764 643 0
765 63 0
765 304 0
765 635 1
765 682 1
765 711 0
765 717 1
765 785 1
765 827 1
765 888 1
765 899 0
765 943 1
765 965 1
766 20 1
766 54 0
766 615 1
766 619 1
766 703 1
766 707 1
766 905 1
767 12 1
767 75 1
767 125 1
767 148 0
767 283 0
767 384 0
767 807 1
767 822 1
767 961 1
768 103 0
768 107 0
768 127 0
768 226 0
768 306 0
768 314 1
768 347 0
768 407 0
768 496 1
768 543 0
768 585 1
768 612 0
768 882 1
769 63 0
769 232 1
769 267 1
769 268 0
769 445 0
769 556 0
769 644 1
769 681 0
769 716 1
769 724 1
769 828 1
769 863 1
769 909 0
770 126 0
770 378 1
770 432 1
770 473 1
770 526 0
770 554 1
770 579 0
770 836 0
770 880 1
770 933 0
771 20 0
771 116 0
771 457 1
771 538 1
771 707 1
771 953 0
771 998 1
772 71 0
772 106 1
772 127 1
772 144 1
772 193 1
772 296 1
772 470 0
772 530 1
772 566 0
772 777 1
772 778 1
772 972 0
773 24 1
773 115 1
773 134 0
773 149 1
773 155 0
773 275 1
773 326 1
773 392 1
773 419 0
773 435 0
773 581 0
773 806 1
774 296 0
774 439 0
774 471 0
774 623 0
774 690 1
774 777 0
774 874 0
774 919 0
775 5 1
775 235 0
775 368 1
775 480 1
775 613 0
775 617 1
775 811 0
775 905 1
775 974 1
776 186 1
776 228 1
776 441 0
776 483 0
776 555 1
776 607 1
776 800 1
776 887 0
777 50 0
777 68 1
777 342 0
777 438 0
777 532 1
777 567 0
777 586 0
777 626 0
777 662 1
777 664 0
777 814 1
777 826 1
777 870 1
777 893 1
778 153 1
778 189 0
778 220 1
778 241 1
778 394 0
778 485 1
778 606 1
778 813 0
778 828 0
778 890 0
779 203 1
779 361 1
779 792 1
779 799 0
779 808 1
779 827 0
779 833 1
779 839 0
779 852 0
779 985 0
780 29 1
780 385 0
780 412 1
780 498 0
780 520 0
780 584 1
780 650 0
780 951 1
780 990 0
781 93 0
781 111 0
781 134 1
781 514 0
781 585 0
781 750 1
781 785 1
781 827 0
782 2 0
782 105 0
782 159 0
782 191 0
782 242 0
782 258 1
782 268 1
782 420 0
782 432 1
782 486 1
782 491 1
782 748 1
782 750 1
782 769 1
782 779 1
782 781 0
782 871 1
782 947 0
783 28 1
783 173 0
783 230 0
783 317 0
783 345 1
783 510 0
783 529 1
783 712 1
783 743 1
783 807 1
783 874 0
783 914 0
783 962 0
783 963 1
784 28 0
784 101 0
784 106 0
784 131 0
784 140 1
784 211 0
784 349 0
784 570 0
784 745 0
784 774 0
784 903 0
785 83 1
785 145 1
785 147 1
785 212 0
785 710 0
785 839 1
786 296 1
786 333 1
786 351 0
786 399 1
786 403 1
786 427 0
787 129 0
787 139 0
787 191 0
787 260 1
787 277 1
787 290 1
787 325 1
787 397 0
787 490 1
787 698 0
787 792 1
787 831 1
788 189 0
788 265 0
788 266 0
788 338 0
788 486 0
788 543 0
788 574 1
788 735 1
788 905 0
788 999 1
789 1 1
789 142 0
789 311 1
789 320 0
789 323 1
789 468 1
789 542 0
789 604 0
789 610 0
789 684 1
789 695 0
789 865 0
789 955 0
789 999 1
790 101 0
790 177 0
790 236 1
790 596 0
790 621 1
790 759 1
791 26 0
791 43 1
791 289 1
791 329 0
791 366 0
791 445 0
791 518 1
791 642 1
791 644 1
791 784 0
791 877 1
791 980 0
792 0 0
792 43 1
792 64 1
792 95 1
792 147 0
792 223 1
792 571 1
792 605 0
792 626 0
792 683 0
792 776 0
792 953 1
792 967 1
793 14 1
793 82 0
793 87 0
793 133 0
793 194 0
793 261 0
793 299 0
793 364 0
793 406 1
793 458 1
793 481 0
793 633 1
793 701 0
793 713 0
793 826 1
793 877 0
794 89 1
794 139 0
794 216 1
794 369 1
794 407 1
794 638 0
794 654 0
794 698 1
794 745 0
794 765 0
794 774 1
794 778 1
794 800 1
794 824 1
794 882 1
794 884 0
795 143 0
795 192 0
795 214 1
795 224 1
795 326 0
795 391 1
795 417 0
795 505 1
795 587 0
795 604 0
795 664 1
795 734 1
795 879 1
795 938 0
795 963 1
795 965 0
795 984 0
796 163 1
796 171 1
796 260 0
796 299 0
796 318 1
796 413 0
796 414 1
796 452 0
796 635 0
796 668 0
796 683 0
796 734 0
796 764 1
796 830 1
796 896 0
796 991 0
797 60 0
797 140 0
797 193 0
797 214 0
797 286 1
797 386 0
797 407 0
797 598 0
797 703 1
797 777 1
797 828 1
798 5 1
798 124 0
798 268 1
798 269 0
798 375 1
798 765 0
799 346 1
799 412 1
799 636 0
799 702 0
799 763 0
799 881 0
799 913 1
800 224 0
800 271 0
800 280 1
800 307 1
800 331 0
800 423 0
800 448 0
800 648 0
800 666 1
800 705 1
801 51 0
801 152 0
801 168 1
801 209 0
801 426 0
801 477 1
801 502 0
801 597 1
801 607 0
801 617 1
801 687 1
802 292 0
802 322 1
802 534 1
802 576 1
802 586 0
802 613 1
802 624 1
802 875 1
803 103 1
803 134 1
803 270 1
803 549 1
803 662 0
803 808 0
803 905 0
803 918 1
803 931 0
804 60 0
804 74 0
804 154 1
804 198 0
804 440 1
804 944 0
805 117 0
805 268 1
805 489 1
805 531 1
805 674 0
805 746 1
805 819 0
805 879 1
806 21 1
806 44 1
806 156 1
806 289 0
806 433 1
806 619 1
806 620 1
806 742 1
806 876 1
806 974 0
806 978 1
806 992 0
807 180 0
807 284 1
807 650 0
807 672 1
807 731 1
807 823 1
807 845 1
808 14 1
808 99 0
808 141 0
808 180 0
808 192 0
808 307 1
808 362 1
808 420 0
808 425 0
808 476 1
808 553 0
808 562 1
808 756 0
808 793 0
808 990 1
808 995 1
809 127 0
809 222 1
809 739 1
809 802 0
809 867 0
809 890 1
809 902 0
809 914 0
810 39 1
810 224 0
810 358 0
810 421 1
810 652 1
810 848 1
810 952 0
810 981 0
811 32 1
811 60 1
811 302 0
811 384 0
811 452 1
811 557 1
811 677 0
811 898 0
811 944 1
811 963 1
812 158 0
812 291 1
812 312 0
812 433 1
812 664 1
812 672 0
812 710 1
812 832 1
812 891 0
812 955 0
813 29 1
813 74 1
813 77 0
813 124 1
813 154 1
813 241 0
813 269 0
813 479 1
813 567 0
813 713 1
813 832 1
813 934 0
814 1 0
814 173 0
814 326 1
814 393 1
814 681 1
814 996 0
815 60 1
815 150 1
815 244 0
815 438 1
815 515 0
815 653 1
815 768 0
815 877 0
815 966 0
816 89 0
816 100 1
816 235 1
816 476 1
816 524 0
816 639 0
816 671 1
816 742 0
816 967 1
817 11 0
817 137 0
817 195 1
817 269 0
817 656 0
817 776 1
817 858 1
817 997 0
817 999 0
818 34 1
818 36 0
818 98 0
818 227 0
818 347 0
818 369 1
818 443 1
818 636 1
818 667 1
818 825 1
818 924 1
819 185 0
819 229 1
819 236 1
819 287 0
819 419 0
819 425 0
819 482 1
819 499 1
819 522 1
819 549 0
819 580 1
819 785 0
819 819 1
820 147 0
820 152 0
820 175 1
820 388 1
820 437 1
820 530 1
820 545 0
820 580 1
820 793 1
820 894 1
821 17 0
821 426 0
821 521 0
821 578 0
821 715 1
821 872 1
821 969 1
822 57 0
822 97 1
822 108 0
822 111 1
822 290 0
822 315 1
822 508 0
822 524 0
822 537 1
822 554 1
822 789 0
822 934 0
823 180 0
823 250 0
823 320 0
823 520 0
823 541 0
823 652 1
823 795 1
823 949 1
824 41 0
824 112 0
824 178 0
824 505 1
824 612 0
824 658 0
824 727 1
824 810 1
824 872 0
824 923 0
825 70 0
825 216 0
825 241 0
825 628 0
825 719 0
825 736 0
825 754 0
825 766 1
826 38 0
826 68 1
826 435 0
826 495 0
826 509 1
826 554 1
826 670 0
826 702 0
826 798 1
827 148 1
827 222 0
827 235 1
827 302 0
827 319 1
827 343 1
827 353 0
827 438 1
827 521 0
827 558 1
827 682 0
827 696 1
827 744 0
827 818 0
827 824 1
827 844 0
827 937 1
828 3 1
828 15 1
828 145 0
828 294 1
828 478 1
828 537 1
828 583 0
828 776 0
828 846 1
828 959 1
828 990 0
829 128 0
829 404 0
829 415 1
829 573 0
829 654 0
829 788 1
829 861 1
829 895 0
829 902 1
830 90 1
830 170 1
830 306 1
830 443 1
830 609 1
830 785 0
830 865 0
830 872 1
831 393 0
831 596 1
831 646 1
831 661 1
831 724 0
831 914 0
832 269 1
832 388 0
832 534 1
832 616 0
832 619 1
832 797 1
832 886 1
833 18 1
833 64 1
833 67 1
833 209 1
833 221 0
833 273 1
833 280 1
833 290 0
833 314 1
833 339 1
833 511 1
833 608 1
833 672 0
833 748 0
833 750 1
833 831 1
833 916 1
834 104 0
834 164 0
834 193 1
834 365 0
834 526 0
834 630 0
834 665 0
834 716 1
834 776 0
834 847 1
834 855 1
834 984 0
835 62 1
835 231 0
835 336 0
835 440 0
835 599 1
835 631 0
835 679 0
835 694 0
835 883 1
835 978 0
835 983 0
836 18 0
836 143 1
836 225 1
836 253 1
836 485 0
836 666 1
836 674 1
836 691 0
836 777 0
837 62 0
837 121 1
837 210 1
837 442 0
837 490 1
837 500 0
837 507 0
837 517 1
837 764 1
837 819 1
837 845 0
837 858 1
837 920 1
838 1 0
838 134 1
838 253 0
838 389 0
838 406 0
838 482 0
838 598 1
838 622 0
838 631 1
838 663 0
838 982 1
839 9 1
839 116 0
839 374 0
839 387 1
839 428 0
839 654 0
839 965 1
840 35 1
840 54 0
840 336 0
840 342 0
840 354 0
840 395 0
840 412 1
840 513 1
840 791 1
840 894 1
840 974 0
840 986 0
841 219 0
841 433 1
841 443 0
841 516 1
841 524 1
841 533 0
841 668 1
841 931 0
842 34 1
842 76 1
842 243 1
842 295 1
842 401 0
842 420 1
842 434 1
842 550 1
842 697 1
842 740 0
842 896 1
842 952 0
842 990 1
843 42 1
843 75 1
843 155 1
843 224 1
843 367 0
843 435 1
843 445 0
843 545 0
843 587 0
843 611 1
843 643 1
843 653 0
843 972 0
844 121 0
844 183 1
844 265 1
844 464 0
844 608 1
844 646 0
844 897 1
845 33 1
845 36 0
845 76 1
845 303 0
845 335 1
845 340 1
845 344 1
845 408 1
845 441 1
845 559 0
845 566 1
845 620 1
845 657 0
845 671 0
845 678 1
845 700 1
845 986 1
846 49 0
846 81 0
846 111 1
846 243 0
846 281 0
846 311 0
846 479 0
846 501 0
846 742 0
846 811 0
846 957 1
847 85 0
847 92 1
847 124 1
847 340 0
847 341 0
847 416 0
847 501 1
847 636 0
847 705 1
847 762 0
847 863 1
847 905 0
847 931 0
847 952 1
847 965 1
847 996 1
848 61 1
848 111 1
848 125 0
848 351 1
848 407 1
848 467 0
848 475 0
848 645 0
848 648 1
848 668 1
848 784 1
848 887 0
848 892 0
848 931 0
849 20 1
849 154 0
849 252 0
849 389 0
849 491 0
849 513 0
849 551 0
849 650 0
849 863 0
849 887 0
850 9 1
850 36 1
850 155 0
850 283 1
850 615 1
850 641 0
850 700 0
850 748 0
850 752 0
850 872 0
851 133 0
851 135 0
851 242 0
851 281 1
851 322 1
851 356 1
851 586 1
851 596 1
851 614 1
851 821 0
852 424 0
852 434 0
852 716 1
853 69 0
853 71 0
853 239 0
853 316 0
853 338 0
853 472 1
853 572 1
853 595 1
853 665 1
853 698 1
853 721 0
853 747 1
853 748 0
853 775 1
853 789 0
853 957 1
854 66 1
854 212 0
854 260 0
854 266 0
854 376 0
854 379 0
854 389 1
854 712 1
854 758 1
855 55 0
855 56 0
855 97 0
855 114 0
855 124 1
855 276 1
855 378 1
855 466 1
855 607 1
855 746 1
855 750 0
855 783 1
855 923 1
856 13 1
856 326 1
856 620 0
856 839 1
856 871 1
856 983 0
856 993 1
857 60 0
857 91 0
857 107 1
857 156 0
857 163 0
857 244 0
857 299 0
857 431 0
857 448 0
857 499 0
857 617 1
857 680 1
857 713 1
857 754 0
857 854 0
857 893 0
858 82 1
858 562 0
858 623 0
858 723 1
858 885 1
859 64 1
859 186 1
859 199 1
859 349 1
859 551 0
859 681 0
859 992 1
860 25 0
860 133 1
860 149 0
860 173 0
860 269 1
860 413 1
860 676 1
860 730 0
860 780 0
860 803 1
860 867 1
860 921 1
860 933 1
860 959 0
860 987 0
861 57 0
861 90 0
861 126 1
861 441 1
861 545 0
861 702 0
861 847 1
861 982 0
862 129 1
862 131 1
862 546 1
862 711 0
862 998 1
863 30 0
863 47 0
863 57 0
863 89 1
863 276 0
863 287 0
863 356 1
863 522 1
863 679 1
863 783 0
863 827 0
863 840 0
863 979 1
864 72 1
864 113 0
864 178 1
864 272 1
864 380 1
864 466 1
864 748 0
864 930 0
864 959 0
865 133 1
865 173 0
865 229 0
865 368 0
865 466 0
865 486 1
865 563 1
865 619 1
865 635 1
865 667 1
865 983 0
865 995 1
866 33 0
866 211 0
866 309 1
866 571 0
866 600 0
866 603 0
866 605 1
866 630 0
866 994 1
867 184 0
867 223 1
867 304 0
867 420 0
867 603 1
867 689 1
867 901 0
867 954 1
867 957 1
868 54 0
868 59 0
868 115 1
868 274 0
868 383 1
868 400 0
868 420 1
868 432 1
868 547 0
868 577 1
868 629 1
868 814 0
868 865 0
868 893 1
869 381 0
869 817 1
869 823 1
869 827 1
869 851 1
869 973 1
870 13 0
870 378 0
870 532 1
870 597 0
870 607 0
870 853 1
870 895 0
870 925 0
871 76 1
871 109 0
871 145 1
871 208 1
871 246 0
871 293 1
871 325 0
871 401 0
871 654 0
871 725 1
872 32 0
872 77 0
872 96 1
872 253 0
872 467 1
872 498 1
872 514 0
872 831 0
872 864 1
872 977 1
873 101 0
873 403 0
873 446 0
873 490 0
873 677 0
873 797 1
874 122 0
874 279 1
874 309 0
874 332 0
874 609 0
874 610 0
874 856 1
874 888 1
874 889 0
874 926 0
874 949 0
875 110 1
875 160 0
875 180 0
875 219 0
875 398 1
875 432 0
875 442 1
875 487 0
875 749 0
875 775 0
875 847 0
875 894 0
875 957 0
876 18 0
876 429 0
876 431 0
876 457 0
876 505 1
876 636 1
876 717 0
876 853 0
876 873 1
876 915 0
877 51 1
877 66 1
877 205 1
877 263 1
877 347 1
877 383 1
877 582 0
877 733 0
877 803 0
877 817 0
877 888 0
877 923 0
877 941 1
878 51 1
878 99 0
878 161 0
878 179 1
878 645 0
878 665 1
878 678 0
878 924 0
878 982 1
879 197 0
879 229 1
879 376 1
879 676 1
879 694 1
879 709 1
879 976 0
880 107 1
880 153 1
880 228 0
880 246 1
880 403 1
880 436 1
880 794 0
880 870 1
881 82 1
881 100 0
881 122 1
881 195 0
881 324 1
881 417 0
881 516 0
882 21 0
882 166 1
882 257 1
882 288 1
882 443 1
882 485 1
882 493 1
882 671 0
882 850 0
882 909 1
882 941 0
883 88 0
883 150 1
883 361 1
883 418 0
883 447 1
883 512 0
883 566 0
883 641 1
883 745 0
883 965 1
884 65 1
884 100 1
884 168 0
884 192 1
884 266 1
884 355 0
884 418 1
884 737 1
884 800 1
884 809 0
884 947 1
885 43 1
885 76 1
885 197 1
885 242 1
885 740 0
885 980 0
886 125 1
886 186 0
886 272 1
886 286 0
886 298 1
886 728 0
886 830 0
886 908 0
886 965 0
887 334 0
887 342 0
887 415 0
887 729 0
887 742 0
888 331 1
888 452 1
888 642 1
888 815 1
888 889 1
888 941 1
888 994 0
889 44 0
889 203 1
889 459 0
889 634 1
889 692 0
889 787 0
889 829 0
889 928 1
889 952 0
890 233 1
890 332 1
890 376 0
890 384 0
890 429 1
890 588 0
890 625 1
890 641 0
890 745 1
890 770 1
890 923 0
890 963 0
891 370 0
891 392 1
891 584 1
891 591 0
891 830 0
891 917 0
891 925 0
891 972 0
892 173 0
892 179 1
892 389 1
892 425 1
892 634 0
892 640 0
892 648 0
892 722 1
892 753 1
892 764 1
893 368 0
893 392 0
893 443 0
893 621 1
893 654 1
893 742 0
893 748 1
893 784 0
893 991 1
894 237 1
894 259 0
894 478 0
894 582 0
894 765 1
894 839 0
894 863 1
894 875 1
895 140 1
895 232 1
895 288 1
895 318 1
895 399 0
895 477 0
895 512 0
895 550 0
895 592 1
895 670 1
895 801 1
895 872 1
895 909 1
896 19 0
896 27 0
896 50 1
896 137 1
896 155 0
896 219 1
896 350 0
896 357 1
896 737 0
896 926 1
896 987 1
897 210 1
897 233 1
897 385 1
897 392 1
897 429 0
897 485 0
897 764 1
897 870 0
898 363 0
898 477 0
898 502 1
898 788 1
898 822 0
898 863 1
898 949 1
899 20 1
899 225 1
899 356 0
899 444 0
899 451 1
899 710 1
899 750 1
899 846 1
899 971 1
900 57 0
900 347 1
900 441 1
900 500 0
900 570 1
900 571 0
900 578 0
900 630 0
900 634 0
900 797 0
900 979 1
901 24 0
901 69 0
901 71 0
901 389 1
901 423 1
901 481 1
901 738 1
902 40 0
902 66 1
902 122 0
902 170 1
902 224 0
902 274 0
902 334 1
902 443 1
902 514 1
902 519 0
902 529 1
902 616 1
902 904 0
902 919 1
902 938 0
902 989 1
903 52 1
903 58 0
903 108 0
903 153 1
903 179 1
903 191 0
903 287 0
903 361 1
903 537 1
904 11 1
904 150 0
904 289 0
904 300 0
904 321 0
904 342 1
904 428 0
904 649 1
904 776 1
904 777 0
904 821 0
905 9 1
905 17 0
905 69 1
905 70 0
905 197 0
905 272 0
905 367 0
905 414 0
905 433 1
905 452 0
905 531 1
905 727 0
905 746 0
905 823 1
905 833 1
905 971 1
906 4 0
906 20 0
906 121 1
906 146 0
906 173 1
906 179 0
906 180 0
906 203 1
906 214 0
906 264 1
906 372 1
906 457 1
906 589 0
906 615 0
906 699 0
907 29 0
907 72 0
907 84 1
907 87 0
907 157 0
907 251 0
907 269 0
907 424 0
907 493 1
907 708 1
907 861 1
907 878 1
908 8 1
908 273 0
908 491 0
908 785 0
908 974 0
909 55 0
909 400 1
909 513 1
909 544 1
909 656 1
909 741 0
909 821 0
909 859 1
910 37 1
910 179 1
910 190 1
910 304 1
910 397 1
910 443 1
910 444 0
910 749 1
910 755 0
910 761 0
910 842 1
911 95 1
911 158 0
911 220 1
911 304 0
911 558 1
911 587 1
911 716 1
911 727 0
911 870 0
911 925 1
911 931 0
911 938 0
911 976 1
912 26 1
912 127 1
912 158 1
912 176 1
912 359 0
912 474 1
912 582 0
912 605 0
912 712 0
912 783 1
912 940 1
913 8 0
913 17 1
913 97 1
913 146 0
913 160 0
913 201 0
913 210 1
913 249 1
913 384 1
913 478 0
913 635 0
913 659 1
913 695 0
913 794 1
913 819 0
913 888 1
914 107 0
914 123 0
914 199 0
914 220 0
914 301 1
914 384 1
914 411 1
914 590 0
914 647 0
914 705 0
914 726 0
914 922 0
914 970 0
914 984 1
915 37 0
915 209 0
915 427 1
915 450 0
915 479 1
915 564 1
915 727 0
915 855 1
915 878 0
915 913 0
916 233 1
916 268 0
916 400 0
916 500 1
916 694 0
916 698 1
916 731 1
916 964 0
917 23 0
917 30 0
917 195 0
917 207 0
917 235 0
917 300 1
917 304 1
917 382 1
917 446 0
917 516 1
917 536 0
917 585 0
917 686 1
917 897 0
917 918 1
918 87 0
918 154 0
918 242 0
918 405 0
918 503 0
918 509 1
918 588 0
918 653 1
918 761 0
918 809 1
919 44 0
919 372 1
919 632 1
919 874 0
919 905 0
919 930 1
919 997 1
920 34 0
920 77 1
920 83 1
920 92 1
920 262 1
920 449 1
920 534 0
920 689 0
920 783 1
920 890 1
921 230 0
921 391 0
921 435 1
921 611 0
921 952 0
921 966 1
922 369 0
922 537 0
922 606 1
922 676 0
922 713 0
922 886 0
922 942 0
922 946 1
923 81 1
923 186 0
923 350 1
923 354 0
923 373 1
923 397 0
923 419 1
923 451 1
923 460 0
923 512 1
923 576 0
923 819 0
923 909 0
924 1 0
924 72 0
924 143 1
924 330 1
924 331 1
924 375 1
924 399 0
924 658 0
924 825 0
924 919 1
925 51 1
925 220 1
925 350 0
925 454 1
925 672 1
925 679 1
925 710 0
925 751 0
925 792 1
925 912 1
925 998 0
926 45 1
926 47 0
926 117 1
926 134 1
926 459 0
926 625 1
926 632 0
926 733 0
926 988 0
927 0 0
927 79 1
927 80 0
927 776 0
927 814 1
927 815 0
927 832 0
927 939 0
928 32 0
928 42 1
928 249 1
928 274 0
928 282 1
928 339 1
928 410 0
928 456 1
928 670 1
928 781 0
929 11 1
929 164 0
929 224 0
929 372 1
929 445 0
929 532 1
929 553 0
929 734 1
929 753 0
929 918 1
930 98 1
930 263 0
930 468 0
930 511 0
930 650 1
930 975 0
931 33 1
931 43 1
931 46 1
931 99 0
931 318 0
931 624 0
931 661 1
931 704 0
931 960 0
932 138 0
932 228 1
932 297 1
932 589 1
932 603 1
932 820 1
932 949 1
933 102 0
933 293 1
933 346 1
933 499 0
933 567 0
933 989 0
934 331 0
934 448 1
934 455 1
934 502 1
934 509 0
934 520 1
934 594 0
934 814 1
935 39 1
935 71 1
935 126 0
935 151 0
935 157 0
935 399 1
935 509 1
935 636 0
935 676 0
935 899 1
935 992 0
936 34 1
936 101 0
936 145 1
936 155 1
936 174 0
936 207 0
936 310 1
936 345 1
936 349 1
936 680 1
936 797 1
936 838 0
936 850 1
936 936 1
937 36 1
937 47 0
937 118 0
937 163 0
937 170 0
937 252 1
937 417 0
937 446 1
937 497 0
937 654 1
937 844 0
938 94 0
938 106 1
938 185 1
938 187 0
938 261 0
938 330 0
938 362 0
938 370 1
938 412 1
938 523 0
938 587 1
938 761 1
938 857 1
939 138 0
939 337 0
939 407 1
939 410 1
939 449 0
939 582 0
939 710 1
939 771 0
939 836 1
939 858 0
939 975 1
940 58 0
940 68 1
940 123 1
940 144 1
940 305 0
940 378 0
940 473 1
940 542 1
940 632 1
940 737 1
940 865 1
940 978 1
940 992 1
941 171 1
941 298 1
941 316 0
941 321 1
941 550 1
941 603 1
941 693 1
941 794 0
941 977 1
942 8 0
942 107 0
942 191 1
942 313 0
942 435 1
942 472 1
942 632 1
942 634 1
942 923 0
942 986 1
943 24 1
943 308 1
943 378 0
943 416 1
943 425 1
943 437 1
943 532 0
943 826 0
943 998 1
944 511 1
944 540 1
944 664 1
944 665 1
944 761 0
944 835 0
944 997 1
945 67 0
945 113 0
945 173 1
945 336 1
945 506 1
945 653 1
945 777 1
945 779 1
945 837 0
945 878 1
945 953 0
946 7 1
946 158 1
946 160 1
946 312 0
946 376 1
946 467 1
946 500 0
946 524 0
946 940 0
946 973 0
947 5 1
947 235 0
947 291 1
947 319 1
947 387 1
947 576 1
947 625 0
947 658 1
947 662 1
947 748 1
947 808 0
947 928 0
948 71 0
948 212 0
948 274 0
948 283 0
948 285 0
948 346 1
948 473 1
948 475 0
948 741 1
948 843 1
948 858 0
948 945 0
949 105 1
949 323 0
949 829 0
949 855 1
949 926 0
949 946 0
950 70 1
950 128 1
950 189 0
950 290 0
950 397 0
950 545 1
950 579 1
950 611 0
950 631 0
950 681 0
950 756 0
950 881 0
950 905 0
950 918 1
950 968 0
950 975 0
951 66 1
951 120 1
951 290 1
951 557 1
951 744 0
951 789 0
951 791 0
951 793 0
951 896 0
951 922 1
951 996 1
952 97 0
952 133 1
952 286 0
952 305 1
952 332 1
952 423 0
952 458 0
952 504 1
952 921 0
952 987 0
953 10 1
953 77 1
953 329 1
953 331 1
953 376 1
953 378 0
953 423 1
953 540 1
953 550 1
953 584 1
953 655 0
953 731 1
953 906 0
953 922 1
954 36 1
954 451 1
954 552 1
954 654 0
954 904 0
954 924 0
954 991 1
955 304 0
955 353 0
955 369 1
955 473 0
955 528 1
955 705 0
955 900 0
955 971 1
956 97 1
956 235 0
956 269 0
956 297 1
956 312 1
956 406 0
956 485 0
956 502 0
956 587 1
957 92 1
957 100 0
957 160 0
957 260 0
957 268 0
957 307 0
957 522 1
957 546 1
957 612 1
957 701 0
957 845 1
958 47 1
958 135 1
958 154 0
958 225 1
958 250 0
958 253 1
958 263 1
958 362 0
958 490 0
958 612 0
958 618 0
958 858 0
958 877 1
959 129 0
959 132 0
959 242 0
959 352 1
959 721 1
959 735 0
959 866 1
959 898 0
959 946 1
960 140 0
960 173 1
960 192 1
960 214 0
960 221 1
960 363 0
960 686 0
960 785 0
961 63 0
961 230 1
961 288 0
961 328 1
961 429 1
961 625 1
961 753 1
961 799 0
962 2 0
962 410 1
962 414 1
962 429 0
963 24 0
963 194 0
963 279 0
963 361 1
963 464 0
963 643 0
963 647 0
963 709 1
963 763 0
963 807 0
963 824 0
963 863 0
963 966 0
964 166 1
964 337 1
964 365 1
964 437 0
964 502 1
964 579 0
965 170 1
965 260 1
965 270 1
965 343 1
965 558 1
965 602 0
965 759 1
965 856 1
966 72 1
966 135 0
966 255 1
966 428 0
966 454 1
966 471 1
966 724 0
966 903 0
966 924 0
966 969 1
966 989 1
967 24 0
967 207 0
967 209 0
967 256 1
967 431 1
967 472 1
967 515 1
967 735 1
967 814 0
968 199 1
968 217 1
968 219 0
968 256 0
968 320 0
968 372 0
968 588 0
968 752 1
968 798 1
968 878 1
969 129 1
969 175 0
969 294 0
969 521 0
969 551 1
969 582 0
969 815 0
969 835 1
969 856 1
969 904 0
969 920 1
969 994 0
970 131 1
970 239 1
970 246 0
970 247 1
970 384 0
970 446 1
970 464 1
970 692 0
970 801 1
970 831 0
970 891 0
970 983 1
971 31 1
971 119 0
971 183 1
971 390 0
971 413 1
971 456 1
971 472 1
971 686 1
971 731 1
971 732 0
972 163 0
972 234 1
972 322 1
972 359 0
972 504 0
972 560 1
972 580 1
972 649 0
972 723 0
972 815 1
972 931 1
973 20 1
973 110 1
973 139 0
973 229 1
973 327 1
973 351 1
973 405 0
973 529 0
973 559 1
973 772 1
973 836 1
973 904 0
973 927 0
974 46 0
974 75 1
974 209 0
974 359 1
974 368 0
974 372 0
974 690 1
974 752 1
974 850 1
974 869 0
974 908 0
975 55 0
975 108 1
975 137 1
975 259 1
975 391 0
975 406 0
975 448 1
975 813 0
975 926 0
976 36 0
976 237 0
976 298 0
976 550 0
976 556 0
976 607 1
976 756 0
976 886 1
976 982 0
977 24 1
977 133 0
977 195 0
977 222 0
977 491 0
977 576 0
977 581 1
977 664 0
977 825 1
977 887 0
978 77 0
978 206 1
978 229 0
978 314 1
978 351 0
978 440 1
978 445 0
978 958 1
978 970 0
978 977 1
979 59 1
979 167 0
979 406 0
979 413 0
979 995 0
980 18 1
980 275 0
980 304 1
980 333 0
980 397 0
980 410 0
980 455 1
980 549 0
980 736 0
981 40 0
981 302 1
981 385 1
981 570 0
981 645 1
981 816 0
981 871 0
981 933 1
982 211 1
982 498 1
982 500 0
982 713 0
982 728 1
982 789 1
982 929 1
982 943 0
982 990 0
983 58 1
983 219 0
983 320 0
983 358 1
983 379 1
983 420 0
983 460 1
983 492 0
983 510 0
983 580 0
983 640 1
983 698 0
983 790 1
983 818 0
983 834 0
983 864 0
983 889 1
983 916 1
983 951 0
984 70 1
984 73 0
984 182 0
984 245 1
984 268 1
984 324 1
984 528 1
984 609 0
984 816 0
984 825 1
984 905 1
984 964 1
985 105 0
985 172 1
985 248 1
985 319 1
985 659 1
985 784 1
985 881 1
985 941 1
985 961 0
986 150 1
986 365 0
986 423 1
986 671 1
986 768 0
986 776 0
987 30 0
987 121 0
987 124 1
987 137 0
987 213 1
987 411 0
987 427 0
987 464 0
987 474 0
987 854 0
988 64 1
988 107 1
988 131 1
988 164 1
988 235 1
988 236 1
988 274 0
988 331 0
988 397 1
988 441 0
988 570 1
988 580 0
988 642 0
989 27 1
989 86 0
989 199 0
989 205 1
989 213 1
989 273 1
989 420 1
989 509 1
989 731 0
990 101 0
990 102 0
990 184 1
990 318 1
990 371 0
990 460 0
990 508 1
990 778 1
991 247 1
991 610 1
991 681 0
991 708 1
991 977 0
992 192 1
992 248 0
992 695 1
992 875 0
993 683 1
993 910 1
993 924 1
993 991 1
994 21 1
994 88 1
994 143 1
994 279 0
994 303 0
994 344 0
994 352 0
994 655 1
994 786 1
995 28 0
995 235 1
995 254 1
995 266 1
995 391 0
995 582 1
995 594 1
995 689 1
995 751 1
995 860 0
996 417 0
996 547 0
996 594 1
996 813 0
996 862 0
997 19 0
997 395 0
997 416 0
997 423 1
997 426 1
997 544 0
997 545 1
997 592 1
997 616 0
997 668 1
997 737 1
997 747 1
998 4 0
998 47 0
998 191 0
998 240 0
998 291 1
998 407 1
998 414 0
998 517 1
998 560 1
998 614 0
998 615 1
998 729 0
998 743 1
998 846 0
998 882 1
999 39 1
999 290 0
999 291 0
999 317 1
999 364 1
999 494 0
999 638 0
999 655 0
999 677 0
999 709 1
999 779 1
999 823 0
999 914 0
999 932 1
999 934 1
